Begin step 0
Stress 0 0 0 0 0 0 0 0 0
Strain 0 0 0 0 0 0 0 0 0
Strain mean 0 0 0 0 0 0 0 0 0
Plastic strain_mean 0 0 0 0 0 0 0 0 0
Plastic strain_rate_mean 0 0 0 0 0 0 0 0 0
Dissipation 0
End step 0
Begin step 1
Stress 4.30275e-13 62.4107 -7.16795e-12 62.4107 -4.51967e-13 2.41417e-12 -7.16795e-12 2.41417e-12 -6.51315e-15
Strain 0 0.000333333 0 0.000333333 0 0 0 0 0
Strain mean -4.33247e-20 0.000333333 -3.58397e-17 0.000333333 -9.96669e-33 1.20708e-17 -3.58397e-17 1.20708e-17 1.01412e-32
Plastic strain_mean -2.22727e-18 2.12799e-05 0 2.12799e-05 2.22727e-18 0 0 0 0
Plastic strain_rate_mean 0 0 0 0 0 0 0 0 0
Dissipation 0.00132792
End step 1
Begin step 2
Stress 2.38243e-12 100.018 5.87313e-13 100.018 -2.34011e-12 1.44321e-12 5.87313e-13 1.44321e-12 1.27075e-14
Strain 0 0.000666667 0 0.000666667 0 0 0 0 0
Strain mean 8.4529e-20 0.000666667 2.93657e-18 0.000666667 4.71853e-33 7.21606e-18 2.93657e-18 7.21606e-18 -7.25985e-35
Plastic strain_mean -1.17641e-17 0.000166574 0 0.000166574 1.17641e-17 0 0 0 0
Plastic strain_rate_mean 0 0 0 0 0 0 0 0 0
Dissipation 0.014514
End step 2
Begin step 3
Stress 1.59429e-12 100.251 1.20908e-12 100.251 -1.62042e-12 -1.71007e-12 1.20908e-12 -1.71007e-12 -7.84723e-15
Strain 0 0.001 0 0.001 0 0 0 0 0
Strain mean -5.21988e-20 0.001 6.04541e-18 0.001 9.02516e-33 -8.55035e-18 6.04541e-18 -8.55035e-18 -1.06829e-34
Plastic strain_mean -8.06286e-18 0.000498746 0 0.000498746 8.06286e-18 0 0 0 0
Plastic strain_rate_mean 0 0 0 0 0 0 0 0 0
Dissipation 0.0332742
End step 3
Begin step 4
Stress 5.15742e-12 100.448 2.36604e-12 100.448 -5.07586e-12 -3.07123e-12 2.36604e-12 -3.07123e-12 2.44893e-14
Strain 0 0.00133333 0 0.00133333 0 0 0 0 0
Strain mean 1.629e-19 0.00133333 1.18302e-17 0.00133333 -3.39746e-33 -1.53561e-17 1.18302e-17 -1.53561e-17 1.79051e-34
Plastic strain_mean -2.55018e-17 0.000831095 0 0.000831095 2.55018e-17 0 0 0 0
Plastic strain_rate_mean 0 0 0 0 0 0 0 0 0
Dissipation 0.0333478
End step 4
Begin step 5
Stress 1.24949e-12 100.647 9.59221e-13 100.647 -1.27843e-12 -1.6371e-12 9.59221e-13 -1.6371e-12 -8.69003e-15
Strain 0 0.00166667 0 0.00166667 0 0 0 0 0
Strain mean -5.78051e-20 0.00166667 4.7961e-18 0.00166667 -2.63612e-33 -8.18552e-18 4.7961e-18 -8.18552e-18 1.35417e-34
Plastic strain_mean -6.34871e-18 0.00116343 0 0.00116343 6.34871e-18 0 0 0 0
Plastic strain_rate_mean 0 0 0 0 0 0 0 0 0
Dissipation 0.0334035
End step 5
Begin step 6
Stress 1.49433e-12 100.849 4.24527e-12 100.849 -1.56716e-12 -4.87996e-12 4.24527e-12 -4.87996e-12 -2.18692e-14
Strain 0 0.002 0 0.002 0 0 0 0 0
Strain mean -1.45471e-19 0.002 2.12263e-17 0.002 -1.35718e-33 -2.43998e-17 2.12263e-17 -2.43998e-17 4.88103e-33
Plastic strain_mean -7.72644e-18 0.00149575 0 0.00149575 7.72644e-18 0 0 0 0
Plastic strain_rate_mean 0 0 0 0 0 0 0 0 0
Dissipation 0.0334603
End step 6
Begin step 7
Stress 1.28812e-12 101.052 2.68501e-12 101.052 -1.32939e-12 -3.99639e-12 2.68501e-12 -3.99639e-12 -1.23931e-14
Strain 0 0.00233333 0 0.00233333 0 0 0 0 0
Strain mean -8.24376e-20 0.00233333 1.34251e-17 0.00233333 -2.275e-33 -1.99819e-17 1.34251e-17 -1.99819e-17 3.31621e-33
Plastic strain_mean -6.58498e-18 0.00182807 0 0.00182807 6.58498e-18 0 0 0 0
Plastic strain_rate_mean 0 0 0 0 0 0 0 0 0
Dissipation 0.0335178
End step 7
Begin step 8
Stress -1.26349e-12 101.255 2.89766e-12 101.255 1.22556e-12 -6.80337e-13 2.89766e-12 -6.80337e-13 -1.13887e-14
Strain 0 0.00266667 0 0.00266667 0 0 0 0 0
Strain mean -7.57566e-20 0.00266667 1.44883e-17 0.00266667 -4.15279e-33 -3.40168e-18 1.44883e-17 -3.40168e-18 1.50764e-33
Plastic strain_mean 6.18477e-18 0.00216039 0 0.00216039 -6.18477e-18 0 0 0 0
Plastic strain_rate_mean 0 0 0 0 0 0 0 0 0
Dissipation 0.0335757
End step 8
Begin step 9
Stress -7.45775e-12 101.46 -9.95438e-12 101.46 7.54995e-12 -1.04799e-12 -9.95438e-12 -1.04799e-12 2.76858e-14
Strain 0 0.003 0 0.003 0 0 0 0 0
Strain mean 1.84163e-19 0.003 -4.97719e-17 0.003 2.26297e-33 -5.23994e-18 -4.97719e-17 -5.23994e-18 1.86349e-33
Plastic strain_mean 3.76113e-17 0.0024927 0 0.0024927 -3.76113e-17 0 0 0 0
Plastic strain_rate_mean 0 0 0 0 0 0 0 0 0
Dissipation 0.0336339
End step 9
Begin step 10
Stress -4.38757e-12 101.664 -4.52847e-12 101.664 4.45752e-12 -6.22483e-13 -4.52847e-12 -6.22483e-13 2.10045e-14
Strain 0 0.00333333 0 0.00333333 0 0 0 0 0
Strain mean 1.3972e-19 0.00333333 -2.26423e-17 0.00333333 -5.27223e-33 -3.11241e-18 -2.26423e-17 -3.11241e-18 2.52966e-34
Plastic strain_mean 2.21826e-17 0.00282501 0 0.00282501 -2.21826e-17 0 0 0 0
Plastic strain_rate_mean 0 0 0 0 0 0 0 0 0
Dissipation 0.0336922
End step 10
Begin step 11
Stress 2.70157e-13 101.87 5.7974e-14 101.87 -3.26352e-13 -5.06177e-13 5.7974e-14 -5.06177e-13 -1.68735e-14
Strain 0 0.00366667 0 0.00366667 0 0 0 0 0
Strain mean -1.12241e-19 0.00366667 2.8987e-19 0.00366667 9.29261e-33 -2.53088e-18 2.8987e-19 -2.53088e-18 -1.84618e-33
Plastic strain_mean -1.54739e-18 0.00315732 0 0.00315732 1.54739e-18 0 0 0 0
Plastic strain_rate_mean 0 0 0 0 0 0 0 0 0
Dissipation 0.0337507
End step 11
Begin step 12
Stress -2.23677e-12 102.075 4.92832e-12 102.075 2.23269e-12 -1.30048e-12 4.92832e-12 -1.30048e-12 -1.22272e-15
Strain 0 0.004 0 0.004 0 0 0 0 0
Strain mean -8.13338e-21 0.004 2.46416e-17 0.004 -7.00557e-33 -6.50242e-18 2.46416e-17 -6.50242e-18 -5.60626e-33
Plastic strain_mean 1.11696e-17 0.00348963 0 0.00348963 -1.11696e-17 0 0 0 0
Plastic strain_rate_mean 0 0 0 0 0 0 0 0 0
Dissipation 0.0338092
End step 12
Begin step 13
Stress -2.91835e-12 102.28 -1.35072e-12 102.28 3.07969e-12 1.5767e-12 -1.35072e-12 1.5767e-12 4.84458e-14
Strain 0 0.00433333 0 0.00433333 0 0 0 0 0
Strain mean 3.22256e-19 0.00433333 -6.7536e-18 0.00433333 -7.0477e-33 7.8835e-18 -6.7536e-18 7.8835e-18 -3.58103e-34
Plastic strain_mean 1.51562e-17 0.00382193 0 0.00382193 -1.51562e-17 0 0 0 0
Plastic strain_rate_mean 0 0 0 0 0 0 0 0 0
Dissipation 0.0338679
End step 13
Begin step 14
Stress -2.00767e-12 102.486 -1.1269e-12 102.486 2.20778e-12 1.39749e-12 -1.1269e-12 1.39749e-12 6.00878e-14
Strain 0 0.00466667 0 0.00466667 0 0 0 0 0
Strain mean 3.99697e-19 0.00466667 -5.63451e-18 0.00466667 3.49075e-34 6.98745e-18 -5.63451e-18 6.98745e-18 1.70776e-34
Plastic strain_mean 1.07385e-17 0.00415424 0 0.00415424 -1.07385e-17 0 0 0 0
Plastic strain_rate_mean 0 0 0 0 0 0 0 0 0
Dissipation 0.0339265
End step 14
Begin step 15
Stress -2.8618e-12 102.692 -3.56284e-12 102.692 2.67212e-12 2.99009e-12 -3.56284e-12 2.99009e-12 -5.69524e-14
Strain 0 0.005 0 0.005 0 0 0 0 0
Strain mean -3.78841e-19 0.005 -1.78142e-17 0.005 -8.52224e-33 1.49504e-17 -1.78142e-17 1.49504e-17 -4.59816e-33
Plastic strain_mean 1.36454e-17 0.00448654 0 0.00448654 -1.36454e-17 0 0 0 0
Plastic strain_rate_mean 0 0 0 0 0 0 0 0 0
Dissipation 0.0339852
End step 15
Begin step 16
Stress -2.93146e-12 102.898 -3.96434e-12 102.898 3.04571e-12 3.3379e-12 -3.96434e-12 3.3379e-12 3.4306e-14
Strain 0 0.00533333 0 0.00533333 0 0 0 0 0
Strain mean 2.28199e-19 0.00533333 -1.98217e-17 0.00533333 -4.28519e-33 1.66895e-17 -1.98217e-17 1.66895e-17 -4.21598e-33
Plastic strain_mean 1.5057e-17 0.00481884 0 0.00481884 -1.5057e-17 0 0 0 0
Plastic strain_rate_mean 0 0 0 0 0 0 0 0 0
Dissipation 0.0340439
End step 16
Begin step 17
Stress -1.545e-12 103.104 -2.75317e-12 103.104 1.74477e-12 2.28704e-12 -2.75317e-12 2.28704e-12 5.9983e-14
Strain 0 0.00566667 0 0.00566667 0 0 0 0 0
Strain mean 3.99e-19 0.00566667 -1.37658e-17 0.00566667 -1.71769e-32 1.14352e-17 -1.37658e-17 1.14352e-17 -3.07396e-33
Plastic strain_mean 8.42393e-18 0.00515115 0 0.00515115 -8.42393e-18 0 0 0 0
Plastic strain_rate_mean 0 0 0 0 0 0 0 0 0
Dissipation 0.0341027
End step 17
Begin step 18
Stress 4.89033e-13 103.31 -2.14724e-12 103.31 -3.06137e-13 2.16894e-12 -2.14724e-12 2.16894e-12 5.49175e-14
Strain 0 0.006 0 0.006 0 0 0 0 0
Strain mean 3.65305e-19 0.006 -1.07362e-17 0.006 2.6301e-33 1.08447e-17 -1.07362e-17 1.08447e-17 -3.18982e-33
Plastic strain_mean -1.80527e-18 0.00548345 0 0.00548345 1.80527e-18 0 0 0 0
Plastic strain_rate_mean 0 0 0 0 0 0 0 0 0
Dissipation 0.0341614
End step 18
Begin step 19
Stress 7.64592e-12 103.516 1.85775e-12 103.516 -7.00538e-12 -9.60115e-13 1.85775e-12 -9.60115e-13 1.92333e-13
Strain 0 0.00633333 0 0.00633333 0 0 0 0 0
Strain mean 1.27938e-18 0.00633333 9.28877e-18 0.00633333 5.78983e-33 -4.80057e-18 9.28877e-18 -4.80057e-18 -4.17385e-33
Plastic strain_mean -3.59886e-17 0.00581575 0 0.00581575 3.59886e-17 0 0 0 0
Plastic strain_rate_mean 0 0 0 0 0 0 0 0 0
Dissipation 0.0342202
End step 19
Begin step 20
Stress 5.02026e-12 103.722 2.66326e-13 103.722 -4.70673e-12 -4.92234e-13 2.66326e-13 -4.92234e-13 9.41405e-14
Strain 0 0.00666667 0 0.00666667 0 0 0 0 0
Strain mean 6.26212e-19 0.00666667 1.33163e-18 0.00666667 -2.10408e-32 -2.46117e-18 1.33163e-18 -2.46117e-18 -6.60534e-34
Plastic strain_mean -2.40044e-17 0.00614806 0 0.00614806 2.40044e-17 0 0 0 0
Plastic strain_rate_mean 0 0 0 0 0 0 0 0 0
Dissipation 0.0342789
End step 20
Begin step 21
Stress 3.83605e-13 103.928 -2.00724e-12 103.928 -3.22873e-13 1.60558e-12 -2.00724e-12 1.60558e-12 1.8236e-14
Strain 0 0.007 0 0.007 0 0 0 0 0
Strain mean 1.21303e-19 0.007 -1.00362e-17 0.007 4.79075e-33 8.02789e-18 -1.00362e-17 8.02789e-18 -4.17235e-33
Plastic strain_mean -1.70554e-18 0.00648036 0 0.00648036 1.70554e-18 0 0 0 0
Plastic strain_rate_mean 0 0 0 0 0 0 0 0 0
Dissipation 0.0343377
End step 21
Begin step 22
Stress -7.58754e-12 104.134 -5.71012e-12 104.134 8.28201e-12 2.59366e-12 -5.71012e-12 2.59366e-12 2.08526e-13
Strain 0 0.00733333 0 0.00733333 0 0 0 0 0
Strain mean 1.38709e-18 0.00733333 -2.85506e-17 0.00733333 -2.91899e-33 1.29683e-17 -2.85506e-17 1.29683e-17 1.93496e-33
Plastic strain_mean 4.03674e-17 0.00681266 0 0.00681266 -4.03674e-17 0 0 0 0
Plastic strain_rate_mean 0 0 0 0 0 0 0 0 0
Dissipation 0.0343965
End step 22
Begin step 23
Stress 3.17153e-12 104.34 2.92134e-12 104.34 -3.73162e-12 -1.36697e-12 2.92134e-12 -1.36697e-12 -1.68176e-13
Strain 0 0.00766667 0 0.00766667 0 0 0 0 0
Strain mean -1.11869e-18 0.00766667 1.46067e-17 0.00766667 1.60334e-32 -6.83483e-18 1.46067e-17 -6.83483e-18 1.3301e-33
Plastic strain_mean -1.78172e-17 0.00714497 0 0.00714497 1.78172e-17 0 0 0 0
Plastic strain_rate_mean 0 0 0 0 0 0 0 0 0
Dissipation 0.0344552
End step 23
Begin step 24
Stress 5.65423e-13 104.546 -1.33412e-12 104.546 -1.53133e-12 1.27191e-14 -1.33412e-12 1.27191e-14 -2.90029e-13
Strain 0 0.008 0 0.008 0 0 0 0 0
Strain mean -1.92924e-18 0.008 -6.67061e-18 0.008 5.06158e-33 6.35957e-20 -6.67061e-18 6.35957e-20 -1.29549e-33
Plastic strain_mean -6.20649e-18 0.00747727 0 0.00747727 6.20649e-18 0 0 0 0
Plastic strain_rate_mean 0 0 0 0 0 0 0 0 0
Dissipation 0.034514
End step 24
Begin step 25
Stress -3.37982e-13 104.753 -4.03863e-12 104.753 4.83415e-13 6.18062e-13 -4.03863e-12 6.18062e-13 4.36685e-14
Strain 0 0.00833333 0 0.00833333 0 0 0 0 0
Strain mean 2.90478e-19 0.00833333 -2.01931e-17 0.00833333 1.61297e-33 3.09031e-18 -2.01931e-17 3.09031e-18 -4.39353e-34
Plastic strain_mean 2.19873e-18 0.00780957 0 0.00780957 -2.19873e-18 0 0 0 0
Plastic strain_rate_mean 0 0 0 0 0 0 0 0 0
Dissipation 0.0345727
End step 25
Begin step 26
Stress 4.87005e-12 104.959 6.76254e-12 104.959 -5.88458e-12 -7.79731e-13 6.76254e-12 -7.79731e-13 -3.04631e-13
Strain 0 0.00866667 0 0.00866667 0 0 0 0 0
Strain mean -2.02637e-18 0.00866667 3.38127e-17 0.00866667 -9.62965e-34 -3.89865e-18 3.38127e-17 -3.89865e-18 -6.47744e-34
Plastic strain_mean -2.78998e-17 0.00814187 0 0.00814187 2.78998e-17 0 0 0 0
Plastic strain_rate_mean 0 0 0 0 0 0 0 0 0
Dissipation 0.0346315
End step 26
Begin step 27
Stress 5.22789e-12 105.165 5.32552e-12 105.165 -4.1831e-12 -5.27726e-13 5.32552e-12 -5.27726e-13 3.13714e-13
Strain 0 0.009 0 0.009 0 0 0 0 0
Strain mean 2.08679e-18 0.009 2.66276e-17 0.009 4.04445e-33 -2.63863e-18 2.66276e-17 -2.63863e-18 3.23496e-35
Plastic strain_mean -2.24841e-17 0.00847418 0 0.00847418 2.24841e-17 0 0 0 0
Plastic strain_rate_mean 0 0 0 0 0 0 0 0 0
Dissipation 0.0346903
End step 27
Begin step 28
Stress -8.71803e-13 105.371 1.37749e-13 105.371 1.20926e-12 8.3704e-13 1.37749e-13 8.3704e-13 1.01328e-13
Strain 0 0.00933333 0 0.00933333 0 0 0 0 0
Strain mean 6.74024e-19 0.00933333 6.88747e-19 0.00933333 -3.87112e-32 4.1852e-18 6.88747e-19 4.1852e-18 2.70533e-33
Plastic strain_mean 5.53968e-18 0.00880648 0 0.00880648 -5.53968e-18 0 0 0 0
Plastic strain_rate_mean 0 0 0 0 0 0 0 0 0
Dissipation 0.034749
End step 28
Begin step 29
Stress 3.06659e-12 105.577 3.17779e-12 105.577 -2.3136e-12 -4.24395e-13 3.17779e-12 -4.24395e-13 2.26098e-13
Strain 0 0.00966667 0 0.00966667 0 0 0 0 0
Strain mean 1.50398e-18 0.00966667 1.58889e-17 0.00966667 -2.16667e-33 -2.12198e-18 1.58889e-17 -2.12198e-18 -4.47628e-34
Plastic strain_mean -1.26985e-17 0.00913878 0 0.00913878 1.26985e-17 0 0 0 0
Plastic strain_rate_mean 0 0 0 0 0 0 0 0 0
Dissipation 0.0348078
End step 29
Begin step 30
Stress 2.06107e-12 105.783 -7.12354e-12 105.783 -3.02982e-12 1.64408e-12 -7.12354e-12 1.64408e-12 -2.90884e-13
Strain 0 0.01 0 0.01 0 0 0 0 0
Strain mean -1.93493e-18 0.01 -3.56177e-17 0.01 9.96669e-33 8.22039e-18 -3.56177e-17 8.22039e-18 6.79191e-33
Plastic strain_mean -1.36947e-17 0.00947108 0 0.00947108 1.36947e-17 0 0 0 0
Plastic strain_rate_mean 0 0 0 0 0 0 0 0 0
Dissipation 0.0348666
End step 30
