Begin step 0
Stress 0 0 0 0 0 0 0 0 0
Strain 0 0 0 0 0 0 0 0 0
Strain mean 0 0 0 0 0 0 0 0 0
Plastic strain_mean 0 0 0 0 0 0 0 0 0
Plastic strain_rate_mean 0 0 0 0 0 0 0 0 0
Dissipation 0
End step 0
Begin step 1
Stress -1.69251e-15 6.66667 6.23665e-16 6.66667 -7.2621e-16 -3.11924e-17 6.23665e-16 -3.11924e-17 -7.26261e-16
Strain 0 3.33333e-05 0 3.33333e-05 0 0 0 0 0
Strain mean -4.83101e-21 3.33333e-05 3.11833e-21 3.33333e-05 2.11589e-37 -1.55962e-22 3.11833e-21 -1.55962e-22 -3.07833e-37
Plastic strain_mean 2.56885e-25 6.45643e-20 0 6.45643e-20 -2.56885e-25 0 0 0 0
Plastic strain_rate_mean 0 0 0 0 0 0 0 0 0
Dissipation 4.30429e-19
End step 1
Begin step 2
Stress -3.44477e-15 13.3333 -2.03159e-15 13.3333 -1.47812e-15 8.30479e-17 -2.03159e-15 8.30479e-17 -1.47818e-15
Strain 0 6.66667e-05 0 6.66667e-05 0 0 0 0 0
Strain mean -9.83267e-21 6.66667e-05 -1.01579e-20 6.66667e-05 3.54999e-36 4.15239e-22 -1.01579e-20 4.15239e-22 -2.01156e-36
Plastic strain_mean 2.78168e-25 3.74063e-16 0 3.74063e-16 -2.78168e-25 0 0 0 0
Plastic strain_rate_mean 0 0 0 0 0 0 0 0 0
Dissipation 4.98665e-15
End step 2
Begin step 3
Stress 1.6286e-15 20 3.32664e-15 20 7.01952e-16 1.677e-16 3.32664e-15 1.677e-16 6.99787e-16
Strain 0 0.0001 0 0.0001 0 0 0 0 0
Strain mean 4.6549e-21 0.0001 1.66332e-20 0.0001 -3.18559e-36 8.38499e-22 1.66332e-20 8.38499e-22 1.20488e-37
Plastic strain_mean 1.08226e-23 5.98047e-14 0 5.98047e-14 -1.08226e-23 0 0 0 0
Plastic strain_rate_mean 0 0 0 0 0 0 0 0 0
Dissipation 1.18861e-12
End step 3
Begin step 4
Stress -3.54056e-15 26.6667 1.40662e-14 26.6667 -1.50595e-15 2.65701e-16 1.40662e-14 2.65701e-16 -1.5153e-15
Strain 0 0.000133333 0 0.000133333 0 0 0 0 0
Strain mean -1.00796e-20 0.000133333 7.03309e-20 0.000133333 3.29138e-37 1.3285e-21 7.03309e-20 1.3285e-21 -9.85211e-37
Plastic strain_mean 4.6725e-23 2.22623e-12 0 2.22623e-12 -4.6725e-23 0 0 0 0
Plastic strain_rate_mean 0 0 0 0 0 0 0 0 0
Dissipation 5.77715e-11
End step 4
Begin step 5
Stress 1.11958e-14 33.3333 -2.87229e-13 33.3333 5.34713e-15 2.76678e-13 -2.87229e-13 2.76678e-13 4.96729e-15
Strain 0 0.000166667 0 0.000166667 0 0 0 0 0
Strain mean 3.30418e-20 0.000166667 -1.43614e-18 0.000166667 5.19098e-35 1.38339e-18 -1.43614e-18 1.38339e-18 -1.4783e-34
Plastic strain_mean 1.89921e-21 3.74728e-11 0 3.74728e-11 -1.89921e-21 0 0 0 0
Plastic strain_rate_mean 0 0 0 0 0 0 0 0 0
Dissipation 1.17489e-09
End step 5
Begin step 6
Stress 4.0212e-16 39.9999 1.20773e-12 39.9999 -5.43408e-15 1.60078e-12 1.20773e-12 1.60078e-12 -1.51093e-15
Strain 0 0.0002 0 0.0002 0 0 0 0 0
Strain mean -1.00505e-20 0.0002 6.03863e-18 0.0002 -2.01621e-34 8.00391e-18 6.03863e-18 8.00391e-18 -4.69146e-34
Plastic strain_mean -1.96158e-20 3.81724e-10 0 3.81724e-10 1.96158e-20 0 0 0 0
Plastic strain_rate_mean 0 0 0 0 0 0 0 0 0
Dissipation 1.377e-08
End step 6
Begin step 7
Stress -3.68996e-14 46.6661 5.71265e-12 46.6661 1.69754e-14 2.55961e-12 5.71265e-12 2.55961e-12 -5.98258e-15
Strain 0 0.000233333 0 0.000233333 0 0 0 0 0
Strain mean -3.97954e-20 0.000233333 2.85632e-17 0.000233333 -7.22224e-35 1.27981e-17 2.85632e-17 1.27981e-17 -2.35926e-33
Plastic strain_mean 1.1479e-19 2.74577e-09 0 2.74577e-09 -1.1479e-19 0 0 0 0
Plastic strain_rate_mean 0 0 0 0 0 0 0 0 0
Dissipation 1.10321e-07
End step 7
Begin step 8
Stress -9.56356e-14 53.3303 -1.48469e-12 53.3303 9.25379e-14 3.73209e-12 -1.48469e-12 3.73209e-12 -9.30139e-16
Strain 0 0.000266667 0 0.000266667 0 0 0 0 0
Strain mean -6.18717e-21 0.000266667 -7.42347e-18 0.000266667 1.87778e-33 1.86604e-17 -7.42347e-18 1.86604e-17 -1.90505e-33
Plastic strain_mean 4.6734e-19 1.52861e-08 0 1.52861e-08 -4.6734e-19 0 0 0 0
Plastic strain_rate_mean 0 0 0 0 0 0 0 0 0
Dissipation 6.68777e-07
End step 8
Begin step 9
Stress -6.97696e-14 59.986 -1.8929e-12 59.986 7.23365e-14 8.38098e-14 -1.8929e-12 8.38098e-14 7.70749e-16
Strain 0 0.0003 0 0.0003 0 0 0 0 0
Strain mean 5.12693e-21 0.0003 -9.46448e-18 0.0003 1.08334e-34 4.19049e-19 -9.46448e-18 4.19049e-19 -1.52871e-33
Plastic strain_mean 3.57829e-19 6.98314e-08 0 6.98314e-08 -3.57829e-19 0 0 0 0
Plastic strain_rate_mean 0 0 0 0 0 0 0 0 0
Dissipation 3.27196e-06
End step 9
Begin step 10
Stress 1.33597e-15 66.6123 1.67149e-12 66.6123 5.81931e-15 -3.13393e-12 1.67149e-12 -3.13393e-12 2.14849e-15
Strain 0 0.000333333 0 0.000333333 0 0 0 0 0
Strain mean 1.42915e-20 0.000333333 8.35745e-18 0.000333333 -5.02547e-33 -1.56696e-17 8.35745e-18 -1.56696e-17 -1.22176e-33
Plastic strain_mean 1.83541e-20 2.71922e-07 0 2.71922e-07 -1.83541e-20 0 0 0 0
Plastic strain_rate_mean 0 0 0 0 0 0 0 0 0
Dissipation 1.34617e-05
End step 10
Begin step 11
Stress -2.70994e-13 73.1487 -3.5617e-12 73.1487 2.57992e-13 -4.26936e-12 -3.5617e-12 -4.26936e-12 -3.90396e-15
Strain 0 0.000366667 0 0.000366667 0 0 0 0 0
Strain mean -2.59687e-20 0.000366667 -1.78085e-17 0.000366667 -1.222e-31 -2.13468e-17 -1.78085e-17 -2.13468e-17 -5.26321e-33
Plastic strain_mean 1.30948e-18 9.2305e-07 0 9.2305e-07 -1.30948e-18 0 0 0 0
Plastic strain_rate_mean 0 0 0 0 0 0 0 0 0
Dissipation 4.76289e-05
End step 11
Begin step 12
Stress -2.12481e-13 79.4497 6.47417e-13 79.4497 2.57448e-13 -5.66797e-13 6.47417e-13 -5.66797e-13 1.35023e-14
Strain 0 0.0004 0 0.0004 0 0 0 0 0
Strain mean 8.98157e-20 0.0004 3.23709e-18 0.0004 4.03964e-32 -2.83398e-18 3.23709e-18 -2.83398e-18 -7.07779e-33
Plastic strain_mean 1.21973e-18 2.75171e-06 0 2.75171e-06 -1.21973e-18 0 0 0 0
Plastic strain_rate_mean 0 0 0 0 0 0 0 0 0
Dissipation 0.000145284
End step 12
Begin step 13
Stress -3.51679e-14 85.2361 -7.42755e-13 85.2361 1.82541e-14 -8.26194e-12 -7.42755e-13 -8.26194e-12 -5.07864e-15
Strain 0 0.000433333 0 0.000433333 0 0 0 0 0
Strain mean -3.37826e-20 0.000433333 -3.71378e-18 0.000433333 6.47112e-32 -4.13097e-17 -3.71378e-18 -4.13097e-17 8.8984e-33
Plastic strain_mean 1.16664e-19 7.1527e-06 0 7.1527e-06 -1.16664e-19 0 0 0 0
Plastic strain_rate_mean 0 0 0 0 0 0 0 0 0
Dissipation 0.00037511
End step 13
Begin step 14
Stress -1.20875e-12 90.1348 -2.29229e-12 90.1348 1.24909e-12 2.81776e-12 -2.29229e-12 2.81776e-12 1.21136e-14
Strain 0 0.000466667 0 0.000466667 0 0 0 0 0
Strain mean 8.05785e-20 0.000466667 -1.14614e-17 0.000466667 5.40705e-32 1.40888e-17 -1.14614e-17 1.40888e-17 -5.05557e-34
Plastic strain_mean 6.1849e-18 1.59929e-05 0 1.59929e-05 -6.1849e-18 0 0 0 0
Plastic strain_rate_mean 0 0 0 0 0 0 0 0 0
Dissipation 0.000796748
End step 14
Begin step 15
Stress -5.54842e-13 93.8694 -4.39299e-14 93.8694 5.21596e-13 -1.41844e-12 -4.39299e-14 -1.41844e-12 -9.98261e-15
Strain 0 0.0005 0 0.0005 0 0 0 0 0
Strain mean -6.64032e-20 0.0005 -2.19649e-19 0.0005 1.37704e-32 -7.09222e-18 -2.19649e-19 -7.09222e-18 -3.88195e-33
Plastic strain_mean 2.65789e-18 3.06529e-05 0 3.06529e-05 -2.65789e-18 0 0 0 0
Plastic strain_rate_mean 0 0 0 0 0 0 0 0 0
Dissipation 0.00137595
End step 15
Begin step 16
Stress -5.40511e-15 96.4371 -6.3958e-13 96.4371 -2.71427e-14 -6.93364e-13 -6.3958e-13 -6.93364e-13 -9.773e-15
Strain 0 0.000533333 0 0.000533333 0 0 0 0 0
Strain mean -6.50089e-20 0.000533333 -3.1979e-18 0.000533333 -7.46298e-34 -3.46682e-18 -3.1979e-18 -3.46682e-18 1.17888e-33
Plastic strain_mean -8.68484e-20 5.11478e-05 0 5.11478e-05 8.68484e-20 0 0 0 0
Plastic strain_rate_mean 0 0 0 0 0 0 0 0 0
Dissipation 0.00197605
End step 16
Begin step 17
Stress -7.63489e-13 98.0648 -7.3175e-13 98.0648 8.01141e-13 -3.49399e-13 -7.3175e-13 -3.49399e-13 1.13058e-14
Strain 0 0.000566667 0 0.000566667 0 0 0 0 0
Strain mean 7.52047e-20 0.000566667 -3.65875e-18 0.000566667 -2.23889e-33 -1.74699e-18 -3.65875e-18 -1.74699e-18 1.22327e-33
Plastic strain_mean 3.94918e-18 7.63425e-05 0 7.63425e-05 -3.94918e-18 0 0 0 0
Plastic strain_rate_mean 0 0 0 0 0 0 0 0 0
Dissipation 0.00246997
End step 17
Begin step 18
Stress -1.8349e-12 99.0439 -3.80953e-13 99.0439 1.78658e-12 -3.36749e-12 -3.80953e-13 -3.36749e-12 -1.4511e-14
Strain 0 0.0006 0 0.0006 0 0 0 0 0
Strain mean -9.65257e-20 0.0006 -1.90477e-18 0.0006 -1.63704e-33 -1.68375e-17 -1.90477e-18 -1.68375e-17 -1.02315e-33
Plastic strain_mean 9.00544e-18 0.000104781 0 0.000104781 -9.00544e-18 0 0 0 0
Plastic strain_rate_mean 0 0 0 0 0 0 0 0 0
Dissipation 0.0028155
End step 18
Begin step 19
Stress -1.37382e-12 99.6172 -4.29242e-13 99.6172 1.38912e-12 -2.48574e-12 -4.29242e-13 -2.48574e-12 4.59392e-15
Strain 0 0.000633333 0 0.000633333 0 0 0 0 0
Strain mean 3.05583e-20 0.000633333 -2.14621e-18 0.000633333 -3.11459e-34 -1.24287e-17 -2.14621e-18 -1.24287e-17 1.99138e-33
Plastic strain_mean 6.92265e-18 0.000135247 0 0.000135247 -6.92265e-18 0 0 0 0
Plastic strain_rate_mean 0 0 0 0 0 0 0 0 0
Dissipation 0.00303347
End step 19
Begin step 20
Stress -3.49004e-13 99.9514 3.42096e-13 99.9514 4.13139e-13 -2.40831e-13 3.42096e-13 -2.40831e-13 1.92578e-14
Strain 0 0.000666667 0 0.000666667 0 0 0 0 0
Strain mean 1.28101e-19 0.000666667 1.71048e-18 0.000666667 2.78658e-33 -1.20416e-18 1.71048e-18 -1.20416e-18 2.18059e-33
Plastic strain_mean 1.96941e-18 0.00016691 0 0.00016691 -1.96941e-18 0 0 0 0
Plastic strain_rate_mean 0 0 0 0 0 0 0 0 0
Dissipation 0.00316283
End step 20
Begin step 21
Stress 2.16208e-12 100.149 2.45118e-12 100.149 -2.21552e-12 2.42104e-12 2.45118e-12 2.42104e-12 -1.60438e-14
Strain 0 0.0007 0 0.0007 0 0 0 0 0
Strain mean -1.06722e-19 0.0007 1.22559e-17 0.0007 2.21482e-33 1.21052e-17 1.22559e-17 1.21052e-17 6.31946e-34
Plastic strain_mean -1.09974e-17 0.000199255 0 0.000199255 1.09974e-17 0 0 0 0
Plastic strain_rate_mean 0 0 0 0 0 0 0 0 0
Dissipation 0.00323704
End step 21
Begin step 22
Stress 1.59524e-12 100.27 6.98043e-13 100.27 -1.55298e-12 1.27309e-12 6.98043e-13 1.27309e-12 1.26901e-14
Strain 0 0.000733333 0 0.000733333 0 0 0 0 0
Strain mean 8.44128e-20 0.000733333 3.49021e-18 0.000733333 8.42594e-35 6.36543e-18 3.49021e-18 6.36543e-18 -2.13658e-34
Plastic strain_mean -7.82834e-18 0.000231982 0 0.000231982 7.82834e-18 0 0 0 0
Plastic strain_rate_mean 0 0 0 0 0 0 0 0 0
Dissipation 0.00327893
End step 22
Begin step 23
Stress 2.54032e-12 100.349 1.51119e-12 100.349 -2.59537e-12 -3.47454e-13 1.51119e-12 -3.47454e-13 -1.65285e-14
Strain 0 0.000766667 0 0.000766667 0 0 0 0 0
Strain mean -1.09946e-19 0.000766667 7.55596e-18 0.000766667 1.87778e-33 -1.73727e-18 7.55596e-18 -1.73727e-18 1.23643e-33
Plastic strain_mean -1.28942e-17 0.000264921 0 0.000264921 1.28942e-17 0 0 0 0
Plastic strain_rate_mean 0 0 0 0 0 0 0 0 0
Dissipation 0.00330247
End step 23
Begin step 24
Stress -3.11979e-13 100.405 8.27258e-13 100.405 3.87022e-13 -1.39851e-13 8.27258e-13 -1.39851e-13 2.25329e-14
Strain 0 0.0008 0 0.0008 0 0 0 0 0
Strain mean 1.49886e-19 0.0008 4.13629e-18 0.0008 4.1263e-32 -6.99254e-19 4.13629e-18 -6.99254e-19 6.25927e-34
Plastic strain_mean 1.82244e-18 0.000297977 0 0.000297977 -1.82244e-18 0 0 0 0
Plastic strain_rate_mean 0 0 0 0 0 0 0 0 0
Dissipation 0.00331576
End step 24
Begin step 25
Stress -1.13166e-12 100.447 2.40846e-12 100.447 1.09061e-12 3.39164e-13 2.40846e-12 3.39164e-13 -1.23276e-14
Strain 0 0.000833333 0 0.000833333 0 0 0 0 0
Strain mean -8.20019e-20 0.000833333 1.20423e-17 0.000833333 2.88528e-32 1.69582e-18 1.20423e-17 1.69582e-18 -2.07639e-33
Plastic strain_mean 5.51468e-18 0.000331098 0 0.000331098 -5.51468e-18 0 0 0 0
Plastic strain_rate_mean 0 0 0 0 0 0 0 0 0
Dissipation 0.00332338
End step 25
Begin step 26
Stress -9.96827e-13 100.482 -3.0199e-13 100.482 9.14542e-13 3.54607e-13 -3.0199e-13 3.54607e-13 -2.47076e-14
Strain 0 0.000866667 0 0.000866667 0 0 0 0 0
Strain mean -1.64352e-19 0.000866667 -1.50995e-18 0.000866667 -3.54371e-32 1.77304e-18 -1.50995e-18 1.77304e-18 -5.53705e-34
Plastic strain_mean 4.69625e-18 0.000364255 0 0.000364255 -4.69625e-18 0 0 0 0
Plastic strain_rate_mean 0 0 0 0 0 0 0 0 0
Dissipation 0.00332789
End step 26
Begin step 27
Stress -1.23661e-12 100.514 -1.08774e-12 100.514 1.29329e-12 7.45243e-13 -1.08774e-12 7.45243e-13 1.70176e-14
Strain 0 0.0009 0 0.0009 0 0 0 0 0
Strain mean 1.13199e-19 0.0009 -5.4387e-18 0.0009 3.65927e-33 3.72622e-18 -5.4387e-18 3.72622e-18 -7.19214e-34
Plastic strain_mean 6.38135e-18 0.000397432 0 0.000397432 -6.38135e-18 0 0 0 0
Plastic strain_rate_mean 0 0 0 0 0 0 0 0 0
Dissipation 0.00333069
End step 27
Begin step 28
Stress -1.33047e-12 100.542 -1.20703e-12 100.542 1.32263e-12 7.49879e-13 -1.20703e-12 7.49879e-13 -2.35373e-15
Strain 0 0.000933333 0 0.000933333 0 0 0 0 0
Strain mean -1.56567e-20 0.000933333 -6.03515e-18 0.000933333 -1.31926e-32 3.74939e-18 -6.03515e-18 3.74939e-18 -1.33085e-33
Plastic strain_mean 6.62492e-18 0.000430621 0 0.000430621 -6.62492e-18 0 0 0 0
Plastic strain_rate_mean 0 0 0 0 0 0 0 0 0
Dissipation 0.00333255
End step 28
Begin step 29
Stress -1.32025e-12 100.57 -1.05752e-12 100.57 1.27001e-12 6.73643e-13 -1.05752e-12 6.73643e-13 -1.50875e-14
Strain 0 0.000966667 0 0.000966667 0 0 0 0 0
Strain mean -1.0036e-19 0.000966667 -5.28758e-18 0.000966667 1.57926e-32 3.36822e-18 -5.28758e-18 3.36822e-18 -1.73033e-34
Plastic strain_mean 6.42548e-18 0.000463817 0 0.000463817 -6.42548e-18 0 0 0 0
Plastic strain_rate_mean 0 0 0 0 0 0 0 0 0
Dissipation 0.00333389
End step 29
Begin step 30
Stress -1.03174e-12 100.597 -3.78726e-13 100.597 1.16693e-12 -1.40532e-12 -3.78726e-13 -1.40532e-12 4.05942e-14
Strain 0 0.001 0 0.001 0 0 0 0 0
Strain mean 2.70028e-19 0.001 -1.89363e-18 0.001 -2.1763e-32 -7.02661e-18 -1.89363e-18 -7.02661e-18 1.13186e-33
Plastic strain_mean 5.63168e-18 0.000497016 0 0.000497016 -5.63168e-18 0 0 0 0
Plastic strain_rate_mean 0 0 0 0 0 0 0 0 0
Dissipation 0.00333495
End step 30
