Begin step 0
Stress 0 0 0 0 0 0 0 0 0
Strain 0 0 0 0 0 0 0 0 0
Strain mean 0 0 0 0 0 0 0 0 0
Plastic strain_mean 0 0 0 0 0 0 0 0 0
Plastic strain_rate_mean 0 0 0 0 0 0 0 0 0
Dissipation 0
End step 0
Begin step 1
Stress -3.66406e-14 6.64102 7.85377e-12 6.64102 3.83749e-14 -3.61316e-12 7.85377e-12 -3.61316e-12 5.20747e-16
Strain 0 3.33333e-05 0 3.33333e-05 0 0 0 0 0
Strain mean 3.46395e-21 3.33333e-05 3.92689e-17 3.33333e-05 1.55669e-32 -1.80658e-17 3.92689e-17 -1.80658e-17 1.11403e-32
Plastic strain_mean 1.89271e-19 1.28222e-07 0 1.28222e-07 -1.89271e-19 0 0 0 0
Plastic strain_rate_mean 0 0 0 0 0 0 0 0 0
Dissipation 8.51517e-07
End step 1
Begin step 2
Stress -7.36976e-14 13.2563 2.79984e-13 13.2563 8.40015e-14 -8.46591e-13 2.79984e-13 -8.46591e-13 3.09391e-15
Strain 0 6.66667e-05 0 6.66667e-05 0 0 0 0 0
Strain mean 2.05803e-20 6.66667e-05 1.39992e-18 6.66667e-05 2.1125e-32 -4.23295e-18 1.39992e-18 -4.23295e-18 -1.37523e-33
Plastic strain_mean 4.04538e-19 3.8534e-07 0 3.8534e-07 -4.04538e-19 0 0 0 0
Plastic strain_rate_mean 0 0 0 0 0 0 0 0 0
Dissipation 3.4084e-06
End step 2
Begin step 3
Stress -1.62131e-13 19.8454 4.2137e-13 19.8454 1.57783e-13 -1.46199e-12 4.2137e-13 -1.46199e-12 -1.30569e-15
Strain 0 0.0001 0 0.0001 0 0 0 0 0
Strain mean -8.68528e-21 0.0001 2.10685e-18 0.0001 1.34911e-31 -7.30996e-18 2.10685e-18 -7.30996e-18 -2.66922e-33
Plastic strain_mean 7.95442e-19 7.73236e-07 0 7.73236e-07 -7.95442e-19 0 0 0 0
Plastic strain_rate_mean 0 0 0 0 0 0 0 0 0
Dissipation 7.69781e-06
End step 3
Begin step 4
Stress -1.58253e-13 26.4076 1.06465e-12 26.4076 1.57569e-13 -2.34266e-12 1.06465e-12 -2.34266e-12 -2.05242e-16
Strain 0 0.000133333 0 0.000133333 0 0 0 0 0
Strain mean -1.36525e-21 0.000133333 5.32326e-18 0.000133333 1.78088e-32 -1.17133e-17 5.32326e-18 -1.17133e-17 3.83757e-33
Plastic strain_mean 7.88873e-19 1.29509e-06 0 1.29509e-06 -7.88873e-19 0 0 0 0
Plastic strain_rate_mean 0 0 0 0 0 0 0 0 0
Dissipation 1.37808e-05
End step 4
Begin step 5
Stress -1.65253e-13 32.9422 2.6844e-12 32.9422 1.57516e-13 -5.61976e-12 2.6844e-12 -5.61976e-12 -2.32316e-15
Strain 0 0.000166667 0 0.000166667 0 0 0 0 0
Strain mean -1.54534e-20 0.000166667 1.3422e-17 0.000166667 4.47117e-32 -2.80988e-17 1.3422e-17 -2.80988e-17 7.85268e-33
Plastic strain_mean 7.99193e-19 1.95559e-06 0 1.95559e-06 -7.99193e-19 0 0 0 0
Plastic strain_rate_mean 0 0 0 0 0 0 0 0 0
Dissipation 2.17578e-05
End step 5
Begin step 6
Stress -1.61091e-13 39.4478 5.98314e-12 39.4478 1.68159e-13 -2.84669e-12 5.98314e-12 -2.84669e-12 2.12229e-15
Strain 0 0.0002 0 0.0002 0 0 0 0 0
Strain mean 1.41172e-20 0.0002 2.99157e-17 0.0002 -2.06556e-32 -1.42334e-17 2.99157e-17 -1.42334e-17 1.34213e-33
Plastic strain_mean 8.30183e-19 2.76119e-06 0 2.76119e-06 -8.30183e-19 0 0 0 0
Plastic strain_rate_mean 0 0 0 0 0 0 0 0 0
Dissipation 3.17784e-05
End step 6
Begin step 7
Stress -1.70501e-13 45.9225 5.72607e-13 45.9225 1.55609e-13 4.17378e-13 5.72607e-13 4.17378e-13 -4.47165e-15
Strain 0 0.000233333 0 0.000233333 0 0 0 0 0
Strain mean -2.97449e-20 0.000233333 2.86304e-18 0.000233333 -3.32599e-33 2.08689e-18 2.86304e-18 2.08689e-18 -2.8904e-33
Plastic strain_mean 8.00404e-19 3.72061e-06 0 3.72061e-06 -8.00404e-19 0 0 0 0
Plastic strain_rate_mean 0 0 0 0 0 0 0 0 0
Dissipation 4.40574e-05
End step 7
Begin step 8
Stress -1.42072e-13 52.3642 5.37739e-13 52.3642 1.56164e-13 1.19851e-12 5.37739e-13 1.19851e-12 4.23148e-15
Strain 0 0.000266667 0 0.000266667 0 0 0 0 0
Strain mean 2.81473e-20 0.000266667 2.6887e-18 0.000266667 1.52871e-33 5.99255e-18 2.6887e-18 5.99255e-18 -4.6764e-33
Plastic strain_mean 7.59663e-19 4.84551e-06 0 4.84551e-06 -7.59663e-19 0 0 0 0
Plastic strain_rate_mean 0 0 0 0 0 0 0 0 0
Dissipation 5.89024e-05
End step 8
Begin step 9
Stress -1.53918e-13 58.7697 -5.69124e-12 58.7697 1.41789e-13 3.00949e-12 -5.69124e-12 3.00949e-12 -3.64195e-15
Strain 0 0.0003 0 0.0003 0 0 0 0 0
Strain mean -2.42258e-20 0.0003 -2.84562e-17 0.0003 1.3301e-33 1.50475e-17 -2.84562e-17 1.50475e-17 4.42362e-34
Plastic strain_mean 7.27154e-19 6.15167e-06 0 6.15167e-06 -7.27154e-19 0 0 0 0
Plastic strain_rate_mean 0 0 0 0 0 0 0 0 0
Dissipation 7.67599e-05
End step 9
Begin step 10
Stress -1.51148e-13 65.1345 -8.5603e-13 65.1345 1.58798e-13 6.53687e-13 -8.5603e-13 6.53687e-13 2.29696e-15
Strain 0 0.000333333 0 0.000333333 0 0 0 0 0
Strain mean 1.52791e-20 0.000333333 -4.28015e-18 0.000333333 -1.58287e-32 3.26843e-18 -4.28015e-18 3.26843e-18 -1.90035e-33
Plastic strain_mean 7.82506e-19 7.66094e-06 0 7.66094e-06 -7.82506e-19 0 0 0 0
Plastic strain_rate_mean 0 0 0 0 0 0 0 0 0
Dissipation 9.83007e-05
End step 10
Begin step 11
Stress -2.30595e-13 71.4524 1.18073e-11 71.4524 1.86362e-13 -5.19758e-12 1.18073e-11 -5.19758e-12 -1.32818e-14
Strain 0 0.000366667 0 0.000366667 0 0 0 0 0
Strain mean -8.83488e-20 0.000366667 5.90363e-17 0.000366667 2.91056e-32 -2.59879e-17 5.90363e-17 -2.59879e-17 1.03218e-32
Plastic strain_mean 9.98218e-19 9.40467e-06 0 9.40467e-06 -9.98218e-19 0 0 0 0
Plastic strain_rate_mean 0 0 0 0 0 0 0 0 0
Dissipation 0.000124587
End step 11
Begin step 12
Stress -1.88351e-13 77.7139 2.08429e-12 77.7139 2.07548e-13 -3.99693e-12 2.08429e-12 -3.99693e-12 5.76424e-15
Strain 0 0.0004 0 0.0004 0 0 0 0 0
Strain mean 3.83431e-20 0.0004 1.04215e-17 0.0004 2.70497e-31 -1.99847e-17 1.04215e-17 -1.99847e-17 -3.94816e-33
Plastic strain_mean 1.00892e-18 1.14307e-05 0 1.14307e-05 -1.00892e-18 0 0 0 0
Plastic strain_rate_mean 0 0 0 0 0 0 0 0 0
Dissipation 0.000157443
End step 12
Begin step 13
Stress -3.34892e-13 83.9027 -4.14234e-13 83.9027 3.74042e-13 5.26214e-12 -4.14234e-13 5.26214e-12 1.17556e-14
Strain 0 0.000433333 0 0.000433333 0 0 0 0 0
Strain mean 7.81966e-20 0.000433333 -2.07117e-18 0.000433333 -3.85186e-34 2.63107e-17 -2.07117e-18 2.63107e-17 5.37455e-33
Plastic strain_mean 1.81143e-18 1.38196e-05 0 1.38196e-05 -1.81143e-18 0 0 0 0
Plastic strain_rate_mean 0 0 0 0 0 0 0 0 0
Dissipation 0.000200421
End step 13
Begin step 14
Stress -3.13162e-13 89.9868 2.18348e-12 89.9868 3.08668e-13 -3.9737e-13 2.18348e-12 -3.9737e-13 -1.34936e-15
Strain 0 0.000466667 0 0.000466667 0 0 0 0 0
Strain mean -8.97576e-21 0.000466667 1.09174e-17 0.000466667 3.70501e-32 -1.98685e-18 1.09174e-17 -1.98685e-18 2.01922e-33
Plastic strain_mean 1.55009e-18 1.67326e-05 0 1.67326e-05 -1.55009e-18 0 0 0 0
Plastic strain_rate_mean 0 0 0 0 0 0 0 0 0
Dissipation 0.000262105
End step 14
Begin step 15
Stress -3.04342e-13 95.8692 1.48111e-12 95.8692 3.14144e-13 -2.00727e-12 1.48111e-12 -2.00727e-12 2.94326e-15
Strain 0 0.0005 0 0.0005 0 0 0 0 0
Strain mean 1.95782e-20 0.0005 7.40555e-18 0.0005 5.4889e-33 -1.00364e-17 7.40555e-18 -1.00364e-17 1.74537e-34
Plastic strain_mean 1.556e-18 2.06538e-05 0 2.06538e-05 -1.556e-18 0 0 0 0
Plastic strain_rate_mean 0 0 0 0 0 0 0 0 0
Dissipation 0.000375873
End step 15
Begin step 16
Stress -4.74276e-13 99.9935 1.98578e-13 99.9935 4.76705e-13 6.18977e-13 1.98578e-13 6.18977e-13 7.29264e-16
Strain 0 0.000533333 0 0.000533333 0 0 0 0 0
Strain mean 4.85098e-21 0.000533333 9.92889e-19 0.000533333 4.69445e-34 3.09489e-18 9.92889e-19 3.09489e-18 -1.57986e-34
Plastic strain_mean 2.37988e-18 3.33658e-05 0 3.33658e-05 -2.37988e-18 0 0 0 0
Plastic strain_rate_mean 0 0 0 0 0 0 0 0 0
Dissipation 0.00127066
End step 16
Begin step 17
Stress 1.11161e-12 100.029 3.48423e-12 100.029 -1.0575e-12 -2.19772e-12 3.48423e-12 -2.19772e-12 1.6249e-14
Strain 0 0.000566667 0 0.000566667 0 0 0 0 0
Strain mean 1.08087e-19 0.000566667 1.74212e-17 0.000566667 3.15672e-33 -1.09886e-17 1.74212e-17 -1.09886e-17 -1.20371e-35
Plastic strain_mean -5.36873e-18 6.65208e-05 0 6.65208e-05 5.36873e-18 0 0 0 0
Plastic strain_rate_mean 0 0 0 0 0 0 0 0 0
Dissipation 0.00331593
End step 17
Begin step 18
Stress -1.17622e-12 100.047 -1.09605e-12 100.047 1.19588e-12 -4.29109e-14 -1.09605e-12 -4.29109e-14 5.90398e-15
Strain 0 0.0006 0 0.0006 0 0 0 0 0
Strain mean 3.92726e-20 0.0006 -5.48025e-18 0.0006 4.10464e-33 -2.14555e-19 -5.48025e-18 -2.14555e-19 -6.59781e-34
Plastic strain_mean 5.9499e-18 9.97631e-05 0 9.97631e-05 -5.9499e-18 0 0 0 0
Plastic strain_rate_mean 0 0 0 0 0 0 0 0 0
Dissipation 0.0033251
End step 18
Begin step 19
Stress -3.57462e-12 100.066 -7.72476e-12 100.066 3.45999e-12 -1.30905e-12 -7.72476e-12 -1.30905e-12 -3.44195e-14
Strain 0 0.000633333 0 0.000633333 0 0 0 0 0
Strain mean -2.28955e-19 0.000633333 -3.86238e-17 0.000633333 7.46298e-34 -6.54525e-18 -3.86238e-17 -6.54525e-18 1.15857e-34
Plastic strain_mean 1.74721e-17 0.000133004 0 0.000133004 -1.74721e-17 0 0 0 0
Plastic strain_rate_mean 0 0 0 0 0 0 0 0 0
Dissipation 0.00332545
End step 19
Begin step 20
Stress -1.63404e-12 100.085 -4.21491e-12 100.085 1.67956e-12 -9.21625e-13 -4.21491e-12 -9.21625e-13 1.36682e-14
Strain 0 0.000666667 0 0.000666667 0 0 0 0 0
Strain mean 9.09195e-20 0.000666667 -2.10745e-17 0.000666667 9.62965e-34 -4.60813e-18 -2.10745e-17 -4.60813e-18 2.97917e-34
Plastic strain_mean 8.32946e-18 0.000166244 0 0.000166244 -8.32946e-18 0 0 0 0
Plastic strain_rate_mean 0 0 0 0 0 0 0 0 0
Dissipation 0.00332584
End step 20
Begin step 21
Stress -1.09221e-12 100.103 -2.56147e-12 100.103 1.10215e-12 -4.60505e-13 -2.56147e-12 -4.60505e-13 2.98692e-15
Strain 0 0.0007 0 0.0007 0 0 0 0 0
Strain mean 1.98687e-20 0.0007 -1.28073e-17 0.0007 -2.32315e-33 -2.30253e-18 -1.28073e-17 -2.30253e-18 4.16783e-34
Plastic strain_mean 5.49584e-18 0.000199483 0 0.000199483 -5.49584e-18 0 0 0 0
Plastic strain_rate_mean 0 0 0 0 0 0 0 0 0
Dissipation 0.00332627
End step 21
Begin step 22
Stress -4.51052e-13 100.122 -6.06201e-12 100.122 4.90507e-13 1.36783e-12 -6.06201e-12 1.36783e-12 1.18473e-14
Strain 0 0.000733333 0 0.000733333 0 0 0 0 0
Strain mean 7.88066e-20 0.000733333 -3.031e-17 0.000733333 -8.87733e-35 6.83916e-18 -3.031e-17 6.83916e-18 -3.6792e-33
Plastic strain_mean 2.3933e-18 0.000232721 0 0.000232721 -2.3933e-18 0 0 0 0
Plastic strain_rate_mean 0 0 0 0 0 0 0 0 0
Dissipation 0.00332671
End step 22
Begin step 23
Stress 1.93409e-12 100.142 1.26179e-12 100.142 -2.02239e-12 -4.05569e-13 1.26179e-12 -4.05569e-13 -2.65111e-14
Strain 0 0.000766667 0 0.000766667 0 0 0 0 0
Strain mean -1.76349e-19 0.000766667 6.30897e-18 0.000766667 -1.13148e-32 -2.02784e-18 6.30897e-18 -2.02784e-18 -6.62038e-34
Plastic strain_mean -9.97938e-18 0.000265959 0 0.000265959 9.97938e-18 0 0 0 0
Plastic strain_rate_mean 0 0 0 0 0 0 0 0 0
Dissipation 0.00332717
End step 23
Begin step 24
Stress -1.22215e-12 100.161 -6.03225e-12 100.161 1.17311e-12 2.60767e-12 -6.03225e-12 2.60767e-12 -1.4725e-14
Strain 0 0.0008 0 0.0008 0 0 0 0 0
Strain mean -9.79491e-20 0.0008 -3.01612e-17 0.0008 -2.42186e-32 1.30383e-17 -3.01612e-17 1.30383e-17 9.0278e-35
Plastic strain_mean 5.93919e-18 0.000299196 0 0.000299196 -5.93919e-18 0 0 0 0
Plastic strain_rate_mean 0 0 0 0 0 0 0 0 0
Dissipation 0.00332765
End step 24
Begin step 25
Stress -1.48063e-12 100.18 -2.80564e-12 100.18 1.45672e-12 3.4225e-12 -2.80564e-12 3.4225e-12 -7.1791e-15
Strain 0 0.000833333 0 0.000833333 0 0 0 0 0
Strain mean -4.77545e-20 0.000833333 -1.40282e-17 0.000833333 -7.35464e-33 1.71125e-17 -1.40282e-17 1.71125e-17 2.70082e-33
Plastic strain_mean 7.31952e-18 0.000332432 0 0.000332432 -7.31952e-18 0 0 0 0
Plastic strain_rate_mean 0 0 0 0 0 0 0 0 0
Dissipation 0.00332814
End step 25
Begin step 26
Stress 1.42075e-12 100.2 4.69262e-12 100.2 -1.4704e-12 -3.00147e-12 4.69262e-12 -3.00147e-12 -1.49084e-14
Strain 0 0.000866667 0 0.000866667 0 0 0 0 0
Strain mean -9.91691e-20 0.000866667 2.34631e-17 0.000866667 1.59852e-32 -1.50073e-17 2.34631e-17 -1.50073e-17 -4.81482e-34
Plastic strain_mean -7.27748e-18 0.000365668 0 0.000365668 7.27748e-18 0 0 0 0
Plastic strain_rate_mean 0 0 0 0 0 0 0 0 0
Dissipation 0.00332864
End step 26
Begin step 27
Stress -1.53547e-12 100.219 -1.63818e-12 100.219 1.56987e-12 1.94248e-12 -1.63818e-12 1.94248e-12 1.0332e-14
Strain 0 0.0009 0 0.0009 0 0 0 0 0
Strain mean 6.8727e-20 0.0009 -8.19089e-18 0.0009 4.20093e-33 9.71239e-18 -8.19089e-18 9.71239e-18 1.05475e-33
Plastic strain_mean 7.79771e-18 0.000398904 0 0.000398904 -7.79771e-18 0 0 0 0
Plastic strain_rate_mean 0 0 0 0 0 0 0 0 0
Dissipation 0.00332915
End step 27
Begin step 28
Stress -2.85632e-13 100.239 3.23006e-12 100.239 2.47194e-13 -2.13674e-12 3.23006e-12 -2.13674e-12 -1.15416e-14
Strain 0 0.000933333 0 0.000933333 0 0 0 0 0
Strain mean -7.67733e-20 0.000933333 1.61503e-17 0.000933333 3.52686e-33 -1.06837e-17 1.61503e-17 -1.06837e-17 -1.14352e-34
Plastic strain_mean 1.29368e-18 0.000432139 0 0.000432139 -1.29368e-18 0 0 0 0
Plastic strain_rate_mean 0 0 0 0 0 0 0 0 0
Dissipation 0.00332966
End step 28
Begin step 29
Stress 1.49944e-13 100.258 2.49624e-12 100.258 -2.18821e-13 -1.70831e-12 2.49624e-12 -1.70831e-12 -2.06814e-14
Strain 0 0.000966667 0 0.000966667 0 0 0 0 0
Strain mean -1.3757e-19 0.000966667 1.24812e-17 0.000966667 4.21297e-33 -8.54157e-18 1.24812e-17 -8.54157e-18 2.52778e-34
Plastic strain_mean -9.90698e-19 0.000465374 0 0.000465374 9.90698e-19 0 0 0 0
Plastic strain_rate_mean 0 0 0 0 0 0 0 0 0
Dissipation 0.00333018
End step 29
Begin step 30
Stress -1.37815e-12 100.278 1.54353e-12 100.278 1.42428e-12 -1.00642e-12 1.54353e-12 -1.00642e-12 1.38516e-14
Strain 0 0.001 0 0.001 0 0 0 0 0
Strain mean 9.21395e-20 0.001 7.71766e-18 0.001 -5.46483e-33 -5.03212e-18 7.71766e-18 -5.03212e-18 1.83565e-34
Plastic strain_mean 7.05213e-18 0.000498609 0 0.000498609 -7.05213e-18 0 0 0 0
Plastic strain_rate_mean 0 0 0 0 0 0 0 0 0
Dissipation 0.00333071
End step 30
