Begin step 0
Stress 0 0 0 0 0 0 0 0 0
Strain 0 0 0 0 0 0 0 0 0
Strain mean 0 0 0 0 0 0 0 0 0
Plastic strain_mean 0 0 0 0 0 0 0 0 0
Plastic strain_rate_mean 0 0 0 0 0 0 0 0 0
Dissipation 0
End step 0
Begin step 1
Stress 161.083 -4.78383e-11 3.73063e-12 -4.78383e-11 4.66117e-13 -2.46273e-11 3.73063e-12 -2.46273e-11 -3.24176e-13
Strain 0.00133333 0 0 0 0 0 0 0 0
Strain mean 0.00133333 -1.74709e-16 1.75046e-17 -1.74709e-16 -0.000515067 -6.6099e-17 1.75046e-17 -6.6099e-17 -0.000515067
Plastic strain_mean 5.84418e-06 4.8393e-17 1.06194e-19 4.8393e-17 -2.92209e-06 4.87545e-17 1.06194e-19 4.87545e-17 -2.92209e-06
Plastic strain_rate_mean 0 0 0 0 0 0 0 0 0
Dissipation 7.84497e-05
End step 1
Begin step 2
Stress 321.46 -9.13808e-11 -1.41579e-11 -9.13808e-11 2.13348e-12 -3.96897e-12 -1.41579e-11 -3.96897e-12 -1.64764e-13
Strain 0.00266667 0 0 0 0 0 0 0 0
Strain mean 0.00266667 -2.88669e-16 -7.43479e-17 -2.88669e-16 -0.0010308 1.21077e-16 -7.43479e-17 1.21077e-16 -0.0010308
Plastic strain_mean 1.75065e-05 1.37499e-16 -8.32042e-18 1.37499e-16 -8.75326e-06 1.39587e-16 -8.32042e-18 1.39587e-16 -8.75326e-06
Plastic strain_rate_mean 0 0 0 0 0 0 0 0 0
Dissipation 0.000312415
End step 2
Begin step 3
Stress 481.134 -1.34979e-10 -1.0572e-11 -1.34979e-10 2.10785e-12 -2.43752e-12 -1.0572e-11 -2.43752e-12 2.72979e-14
Strain 0.004 0 0 0 0 0 0 0 0
Strain mean 0.004 -3.69699e-16 -8.20379e-17 -3.69699e-16 -0.00154719 2.53057e-16 -8.20379e-17 2.53057e-16 -0.00154719
Plastic strain_mean 3.49609e-05 2.59798e-16 -3.27336e-17 2.59798e-16 -1.74804e-05 2.64425e-16 -3.27336e-17 2.64425e-16 -1.74804e-05
Plastic strain_rate_mean 0 0 0 0 0 0 0 0 0
Dissipation 0.000699822
End step 3
Begin step 4
Stress 640.096 -1.81491e-10 -7.56915e-12 -1.81491e-10 3.3776e-13 4.33418e-12 -7.56915e-12 4.33418e-12 1.18226e-13
Strain 0.00533333 0 0 0 0 0 0 0 0
Strain mean 0.00533333 -1.46228e-15 -6.96711e-17 -1.46228e-15 -0.00206426 -5.8733e-16 -6.96711e-17 -5.8733e-16 -0.00206426
Plastic strain_mean 5.82777e-05 -6.15862e-16 -3.43712e-17 -6.15862e-16 -2.91389e-05 -6.07543e-16 -3.43712e-17 -6.07543e-16 -2.91389e-05
Plastic strain_rate_mean 0 0 0 0 0 0 0 0 0
Dissipation 0.00124375
End step 4
Begin step 5
Stress 797.984 -2.24772e-10 -1.4643e-11 -2.24772e-10 3.92527e-13 2.80597e-13 -1.4643e-11 2.80597e-13 -2.4675e-15
Strain 0.00666667 0 0 0 0 0 0 0 0
Strain mean 0.00666667 -5.59212e-15 -1.09281e-16 -5.59212e-15 -0.00258233 -4.52777e-15 -1.09281e-16 -4.52777e-15 -0.00258233
Plastic strain_mean 9.04565e-05 -4.54386e-15 -4.09909e-17 -4.54386e-15 -4.52283e-05 -4.52908e-15 -4.09909e-17 -4.52908e-15 -4.52283e-05
Plastic strain_rate_mean 0 0 0 0 0 0 0 0 0
Dissipation 0.00213985
End step 5
Begin step 6
Stress 953.668 -2.70312e-10 1.39888e-11 -2.70312e-10 -1.69374e-11 -2.39205e-12 1.39888e-11 -2.39205e-12 -1.66116e-13
Strain 0.008 0 0 0 0 0 0 0 0
Strain mean 0.008 -5.84947e-15 2.38571e-17 -5.84947e-15 -0.00310248 -4.57087e-15 2.38571e-17 -4.57087e-15 -0.00310248
Plastic strain_mean 0.000140792 -4.58882e-15 -4.13819e-17 -4.58882e-15 -7.03959e-05 -4.55972e-15 -4.13819e-17 -4.55972e-15 -7.03959e-05
Plastic strain_rate_mean 0 0 0 0 0 0 0 0 0
Dissipation 0.00400025
End step 6
Begin step 7
Stress 1102.97 -3.0794e-10 -1.11492e-11 -3.0794e-10 -1.29081e-12 -1.86108e-12 -1.11492e-11 -1.86108e-12 3.41613e-13
Strain 0.00933333 0 0 0 0 0 0 0 0
Strain mean 0.00933333 -5.62931e-14 -2.90633e-16 -5.62931e-14 -0.00362863 -5.47806e-14 -2.90633e-16 -5.47806e-14 -0.00362863
Plastic strain_mean 0.000243735 -5.4857e-14 -2.38638e-16 -5.4857e-14 -0.000121867 -5.47719e-14 -2.38638e-16 -5.47719e-14 -0.000121867
Plastic strain_rate_mean 0 0 0 0 0 0 0 0 0
Dissipation 0.0094619
End step 7
Begin step 8
Stress 1218.46 -3.36274e-10 -2.72166e-13 -3.36274e-10 2.74722e-12 8.44101e-13 -2.72166e-13 8.44101e-13 4.84606e-14
Strain 0.0106667 0 0 0 0 0 0 0 0
Strain mean 0.0106667 -1.64326e-13 -2.88358e-16 -1.64326e-13 -0.00418661 -1.6196e-13 -2.88358e-16 -1.6196e-13 -0.00418661
Plastic strain_mean 0.000625299 -1.62758e-13 -2.87088e-16 -1.62758e-13 -0.000312649 -1.61964e-13 -2.87088e-16 -1.61964e-13 -0.000312649
Plastic strain_rate_mean 0 0 0 0 0 0 0 0 0
Dissipation 0.0387434
End step 8
Begin step 9
Stress 1252.62 -3.49858e-10 -2.41794e-12 -3.49858e-10 5.869e-13 2.26233e-12 -2.41794e-12 2.26233e-12 -1.03128e-13
Strain 0.012 0 0 0 0 0 0 0 0
Strain mean 0.012 -1.34856e-11 -1.16802e-15 -1.34856e-11 -0.00482112 -1.34782e-11 -1.16802e-15 -1.34782e-11 -0.00482112
Plastic strain_mean 0.00167708 -1.3484e-11 -1.15674e-15 -1.3484e-11 -0.000838542 -1.34782e-11 -1.15674e-15 -1.34782e-11 -0.000838542
Plastic strain_rate_mean 0 0 0 0 0 0 0 0 0
Dissipation 0.109791
End step 9
Begin step 10
Stress 1260.39 -3.52066e-10 -3.23835e-12 -3.52066e-10 -1.46923e-13 1.09569e-12 -3.23835e-12 1.09569e-12 5.44366e-14
Strain 0.0133333 0 0 0 0 0 0 0 0
Strain mean 0.0133333 -3.05613e-11 -1.9944e-15 -3.05613e-11 -0.00548048 -3.05467e-11 -1.9944e-15 -3.05467e-11 -0.00548048
Plastic strain_mean 0.00294645 -3.05596e-11 -1.9793e-15 -3.05596e-11 -0.00147323 -3.05467e-11 -1.9793e-15 -3.05467e-11 -0.00147323
Plastic strain_rate_mean 0 0 0 0 0 0 0 0 0
Dissipation 0.133324
End step 10
Begin step 11
Stress 1265.33 -3.5346e-10 -3.00951e-12 -3.5346e-10 -3.55572e-14 9.31839e-13 -3.00951e-12 9.31839e-13 2.68337e-13
Strain 0.0146667 0 0 0 0 0 0 0 0
Strain mean 0.0146667 -4.30756e-11 -2.60754e-15 -4.30756e-11 -0.0061425 -4.30539e-11 -2.60754e-15 -4.30539e-11 -0.0061425
Plastic strain_mean 0.00423903 -4.3074e-11 -2.59351e-15 -4.3074e-11 -0.00211952 -4.30539e-11 -2.59351e-15 -4.30539e-11 -0.00211952
Plastic strain_rate_mean 0 0 0 0 0 0 0 0 0
Dissipation 0.136295
End step 11
Begin step 12
Stress 1270.03 -3.5426e-10 -3.81733e-12 -3.5426e-10 3.60312e-13 5.18927e-13 -3.81733e-12 5.18927e-13 1.77373e-13
Strain 0.016 0 0 0 0 0 0 0 0
Strain mean 0.016 -6.8591e-11 -3.78882e-15 -6.8591e-11 -0.00680474 -6.85621e-11 -3.78882e-15 -6.85621e-11 -0.00680474
Plastic strain_mean 0.00553366 -6.85893e-11 -3.77102e-15 -6.85893e-11 -0.00276683 -6.85621e-11 -3.77102e-15 -6.85621e-11 -0.00276683
Plastic strain_rate_mean 0 0 0 0 0 0 0 0 0
Dissipation 0.137018
End step 12
Begin step 13
Stress 1274.7 -3.56284e-10 -3.28231e-12 -3.56284e-10 1.90694e-14 9.36129e-13 -3.28231e-12 9.36129e-13 1.68426e-13
Strain 0.0173333 0 0 0 0 0 0 0 0
Strain mean 0.0173333 -7.83169e-11 -4.29532e-15 -7.83169e-11 -0.00746701 -7.8281e-11 -4.29532e-15 -7.8281e-11 -0.00746701
Plastic strain_mean 0.00682847 -7.83152e-11 -4.28001e-15 -7.83152e-11 -0.00341424 -7.8281e-11 -4.28001e-15 -7.8281e-11 -0.00341424
Plastic strain_rate_mean 0 0 0 0 0 0 0 0 0
Dissipation 0.137541
End step 13
Begin step 14
Stress 1279.37 -3.56651e-10 -1.32916e-12 -3.56651e-10 -2.55796e-13 6.60923e-13 -1.32916e-12 6.60923e-13 3.09985e-14
Strain 0.0186667 0 0 0 0 0 0 0 0
Strain mean 0.0186667 -9.81035e-11 -5.23294e-15 -9.81035e-11 -0.00812928 -9.80608e-11 -5.23294e-15 -9.80608e-11 -0.00812928
Plastic strain_mean 0.0081233 -9.81019e-11 -5.22674e-15 -9.81019e-11 -0.00406165 -9.80608e-11 -5.22674e-15 -9.80608e-11 -0.00406165
Plastic strain_rate_mean 0 0 0 0 0 0 0 0 0
Dissipation 0.138047
End step 14
Begin step 15
Stress 1284.05 -3.59921e-10 -3.36813e-12 -3.59921e-10 -9.67255e-13 1.33483e-12 -3.36813e-12 1.33483e-12 7.5824e-14
Strain 0.02 0 0 0 0 0 0 0 0
Strain mean 0.02 -9.94584e-11 -5.41185e-15 -9.94584e-11 -0.00879155 -9.94088e-11 -5.41185e-15 -9.94088e-11 -0.00879155
Plastic strain_mean 0.00941812 -9.94567e-11 -5.39614e-15 -9.94567e-11 -0.00470906 -9.94088e-11 -5.39614e-15 -9.94088e-11 -0.00470906
Plastic strain_rate_mean 0 0 0 0 0 0 0 0 0
Dissipation 0.138551
End step 15
