Begin step 0
Stress 0 0 0 0 0 0 0 0 0
Strain 0 0 0 0 0 0 0 0 0
Strain mean 0 0 0 0 0 0 0 0 0
Plastic strain_mean 0 0 0 0 0 0 0 0 0
Plastic strain_rate_mean 0 0 0 0 0 0 0 0 0
Dissipation 0
End step 0
Begin step 1
Stress -6.99225e-13 6.07997 2.07385e-12 6.07997 6.98697e-13 5.9007e-13 2.07385e-12 5.9007e-13 -1.58571e-16
Strain 0 3.33333e-05 0 3.33333e-05 0 0 0 0 0
Strain mean -1.0548e-21 3.33333e-05 1.03692e-17 3.33333e-05 -9.96669e-33 2.95035e-18 1.03692e-17 2.95035e-18 -2.47963e-33
Plastic strain_mean 3.49428e-18 2.93348e-06 0 2.93348e-06 -3.49428e-18 0 0 0 0
Plastic strain_rate_mean 0 0 0 0 0 0 0 0 0
Dissipation 1.78324e-05
End step 1
Begin step 2
Stress 1.09105e-12 11.6215 2.62513e-12 11.6215 -1.08282e-12 7.29636e-12 2.62513e-12 7.29636e-12 2.47e-15
Strain 0 6.66667e-05 0 6.66667e-05 0 0 0 0 0
Strain mean 1.64301e-20 6.66667e-05 1.31256e-17 6.66667e-05 1.47334e-32 3.64818e-17 1.31256e-17 3.64818e-17 6.85511e-33
Plastic strain_mean -5.42646e-18 8.55908e-06 0 8.55908e-06 5.42646e-18 0 0 0 0
Plastic strain_rate_mean 0 0 0 0 0 0 0 0 0
Dissipation 6.53609e-05
End step 2
Begin step 3
Stress 8.80163e-13 16.6667 -1.41939e-12 16.6667 -8.71887e-13 3.32182e-12 -1.41939e-12 3.32182e-12 2.48474e-15
Strain 0 0.0001 0 0.0001 0 0 0 0 0
Strain mean 1.65282e-20 0.0001 -7.09697e-18 0.0001 -1.20371e-34 1.66091e-17 -7.09697e-18 1.66091e-17 -2.97203e-33
Plastic strain_mean -4.37186e-18 1.66663e-05 0 1.66663e-05 4.37186e-18 0 0 0 0
Plastic strain_rate_mean 0 0 0 0 0 0 0 0 0
Dissipation 0.000135072
End step 3
Begin step 4
Stress 7.08224e-13 21.2533 -1.68515e-12 21.2533 -7.1242e-13 4.10252e-12 -1.68515e-12 4.10252e-12 -1.25984e-15
Strain 0 0.000133333 0 0.000133333 0 0 0 0 0
Strain mean -8.38028e-21 0.000133333 -8.42573e-18 0.000133333 -2.16667e-33 2.05126e-17 -8.42573e-18 2.05126e-17 -3.04425e-33
Plastic strain_mean -3.5558e-18 2.70669e-05 0 2.70669e-05 3.5558e-18 0 0 0 0
Plastic strain_rate_mean 0 0 0 0 0 0 0 0 0
Dissipation 0.000220948
End step 4
Begin step 5
Stress 5.92549e-13 25.4154 -1.83323e-12 25.4154 -5.71788e-13 4.63526e-12 -1.83323e-12 4.63526e-12 6.23367e-15
Strain 0 0.000166667 0 0.000166667 0 0 0 0 0
Strain mean 4.14657e-20 0.000166667 -9.16617e-18 0.000166667 -3.12964e-33 2.31763e-17 -9.16617e-18 2.31763e-17 -3.36173e-33
Plastic strain_mean -2.89011e-18 3.95898e-05 0 3.95898e-05 2.89011e-18 0 0 0 0
Plastic strain_rate_mean 0 0 0 0 0 0 0 0 0
Dissipation 0.000318097
End step 5
Begin step 6
Stress 4.3914e-13 29.1847 -1.88893e-12 29.1847 -4.6955e-13 4.959e-12 -1.88893e-12 4.959e-12 -9.13108e-15
Strain 0 0.0002 0 0.0002 0 0 0 0 0
Strain mean -6.07389e-20 0.0002 -9.44464e-18 0.0002 -1.32408e-33 2.4795e-17 -9.44464e-18 2.4795e-17 -4.64894e-33
Plastic strain_mean -2.30209e-18 5.40766e-05 0 5.40766e-05 2.30209e-18 0 0 0 0
Plastic strain_rate_mean 0 0 0 0 0 0 0 0 0
Dissipation 0.000422511
End step 6
Begin step 7
Stress 3.67749e-13 32.5909 -1.89784e-12 32.5909 -3.4917e-13 5.0959e-12 -1.89784e-12 5.0959e-12 5.57865e-15
Strain 0 0.000233333 0 0.000233333 0 0 0 0 0
Strain mean 3.71085e-20 0.000233333 -9.48922e-18 0.000233333 -9.72595e-33 2.54795e-17 -9.48922e-18 2.54795e-17 -4.95175e-33
Plastic strain_mean -1.77374e-18 7.03789e-05 0 7.03789e-05 1.77374e-18 0 0 0 0
Plastic strain_rate_mean 0 0 0 0 0 0 0 0 0
Dissipation 0.000530898
End step 7
Begin step 8
Stress 2.53654e-13 35.6619 -1.81724e-12 35.6619 -2.55385e-13 5.06987e-12 -1.81724e-12 5.06987e-12 -5.19655e-16
Strain 0 0.000266667 0 0.000266667 0 0 0 0 0
Strain mean -3.45668e-21 0.000266667 -9.0862e-18 0.000266667 -5.53705e-34 2.53494e-17 -9.0862e-18 2.53494e-17 -5.16531e-33
Plastic strain_mean -1.27433e-18 8.83571e-05 0 8.83571e-05 1.27433e-18 0 0 0 0
Plastic strain_rate_mean 0 0 0 0 0 0 0 0 0
Dissipation 0.00064057
End step 8
Begin step 9
Stress 1.62811e-13 38.4243 -1.7329e-12 38.4243 -1.5871e-13 4.90336e-12 -1.7329e-12 4.90336e-12 1.23145e-15
Strain 0 0.0003 0 0.0003 0 0 0 0 0
Strain mean 8.19147e-21 0.0003 -8.66448e-18 0.0003 -9.70187e-33 2.45168e-17 -8.66448e-18 2.45168e-17 -5.38522e-33
Plastic strain_mean -7.99705e-19 0.000107879 0 0.000107879 7.99705e-19 0 0 0 0
Plastic strain_rate_mean 0 0 0 0 0 0 0 0 0
Dissipation 0.000749349
End step 9
Begin step 10
Stress 6.64204e-14 40.9031 -1.61432e-12 40.9031 -7.29358e-14 4.62163e-12 -1.61432e-12 4.62163e-12 -1.95635e-15
Strain 0 0.000333333 0 0.000333333 0 0 0 0 0
Strain mean -1.30134e-20 0.000333333 -8.07158e-18 0.000333333 1.95e-33 2.31081e-17 -8.07158e-18 2.31081e-17 -4.72041e-33
Plastic strain_mean -3.54897e-19 0.000128818 0 0.000128818 3.54897e-19 0 0 0 0
Plastic strain_rate_mean 0 0 0 0 0 0 0 0 0
Dissipation 0.000855507
End step 10
Begin step 11
Stress -2.7878e-14 43.1224 -1.47186e-12 43.1224 2.76591e-17 4.25555e-12 -1.47186e-12 4.25555e-12 -8.36251e-15
Strain 0 0.000366667 0 0.000366667 0 0 0 0 0
Strain mean -5.56265e-20 0.000366667 -7.35928e-18 0.000366667 2.76852e-33 2.12778e-17 -7.35928e-18 2.12778e-17 -4.67734e-33
Plastic strain_mean 4.19509e-20 0.000151055 0 0.000151055 -4.19509e-20 0 0 0 0
Plastic strain_rate_mean 0 0 0 0 0 0 0 0 0
Dissipation 0.000957707
End step 11
Begin step 12
Stress -6.24772e-14 45.1048 -1.30006e-12 45.1048 8.07072e-14 3.8326e-12 -1.30006e-12 3.8326e-12 5.47384e-15
Strain 0 0.0004 0 0.0004 0 0 0 0 0
Strain mean 3.64114e-20 0.0004 -6.50028e-18 0.0004 3.29816e-33 1.9163e-17 -6.50028e-18 1.9163e-17 -4.51653e-33
Plastic strain_mean 3.76167e-19 0.000174476 0 0.000174476 -3.76167e-19 0 0 0 0
Plastic strain_rate_mean 0 0 0 0 0 0 0 0 0
Dissipation 0.00105495
End step 12
Begin step 13
Stress -1.13079e-13 46.8718 -1.11383e-12 46.8718 1.33004e-13 3.38002e-12 -1.11383e-12 3.38002e-12 5.98258e-15
Strain 0 0.000433333 0 0.000433333 0 0 0 0 0
Strain mean 3.97954e-20 0.000433333 -5.56915e-18 0.000433333 -1.03519e-33 1.69001e-17 -5.56915e-18 1.69001e-17 -4.01116e-33
Plastic strain_mean 6.35105e-19 0.000198975 0 0.000198975 -6.35105e-19 0 0 0 0
Plastic strain_rate_mean 0 0 0 0 0 0 0 0 0
Dissipation 0.00114655
End step 13
Begin step 14
Stress -1.6364e-13 48.4435 -9.79103e-13 48.4435 1.64745e-13 2.91951e-12 -9.79103e-13 2.91951e-12 3.3188e-16
Strain 0 0.000466667 0 0.000466667 0 0 0 0 0
Strain mean 2.20763e-21 0.000466667 -4.89552e-18 0.000466667 -1.03519e-33 1.45976e-17 -4.89552e-18 1.45976e-17 -3.77588e-33
Plastic strain_mean 8.22066e-19 0.000224449 0 0.000224449 -8.22066e-19 0 0 0 0
Plastic strain_rate_mean 0 0 0 0 0 0 0 0 0
Dissipation 0.00123205
End step 14
Begin step 15
Stress -1.82839e-13 49.8388 -8.18275e-13 49.8388 1.84614e-13 2.47183e-12 -8.18275e-13 2.47183e-12 5.32755e-16
Strain 0 0.0005 0 0.0005 0 0 0 0 0
Strain mean 3.54383e-21 0.0005 -4.09138e-18 0.0005 7.22224e-34 1.23592e-17 -4.09138e-18 1.23592e-17 -3.72227e-33
Plastic strain_mean 9.20405e-19 0.000250806 0 0.000250806 -9.20405e-19 0 0 0 0
Plastic strain_rate_mean 0 0 0 0 0 0 0 0 0
Dissipation 0.00131122
End step 15
Begin step 16
Stress -2.13439e-13 51.0755 -6.57744e-13 51.0755 1.78055e-13 2.05204e-12 -6.57744e-13 2.05204e-12 -1.06245e-14
Strain 0 0.000533333 0 0.000533333 0 0 0 0 0
Strain mean -7.06732e-20 0.000533333 -3.28872e-18 0.000533333 4.04445e-33 1.02602e-17 -3.28872e-18 1.02602e-17 -3.00795e-33
Plastic strain_mean 9.43398e-19 0.000277956 0 0.000277956 -9.43398e-19 0 0 0 0
Plastic strain_rate_mean 0 0 0 0 0 0 0 0 0
Dissipation 0.00138401
End step 16
Begin step 17
Stress 1.71008e-12 52.1697 -1.66706e-12 52.1697 -1.69592e-12 9.42575e-12 -1.66706e-12 9.42575e-12 4.25331e-15
Strain 0 0.000566667 0 0.000566667 0 0 0 0 0
Strain mean 2.82925e-20 0.000566667 -8.33529e-18 0.000566667 6.74075e-34 4.71288e-17 -8.33529e-18 4.71288e-17 3.52686e-33
Plastic strain_mean -8.50086e-18 0.000305818 0 0.000305818 8.50086e-18 0 0 0 0
Plastic strain_rate_mean 0 0 0 0 0 0 0 0 0
Dissipation 0.00145052
End step 17
Begin step 18
Stress 2.71733e-12 53.1366 -1.6069e-12 53.1366 -2.69495e-12 7.67867e-12 -1.6069e-12 7.67867e-12 6.72058e-15
Strain 0 0.0006 0 0.0006 0 0 0 0 0
Strain mean 4.47045e-20 0.0006 -8.03451e-18 0.0006 -5.05557e-33 3.83933e-17 -8.03451e-18 3.83933e-17 2.58797e-33
Plastic strain_mean -1.35083e-17 0.000334317 0 0.000334317 1.35083e-17 0 0 0 0
Plastic strain_rate_mean 0 0 0 0 0 0 0 0 0
Dissipation 0.00151094
End step 18
Begin step 19
Stress 3.13829e-12 53.99 -1.49357e-12 53.99 -3.09184e-12 6.05691e-12 -1.49357e-12 6.05691e-12 1.39499e-14
Strain 0 0.000633333 0 0.000633333 0 0 0 0 0
Strain mean 9.27931e-20 0.000633333 -7.46785e-18 0.000633333 3.70742e-33 3.02846e-17 -7.46785e-18 3.02846e-17 1.99213e-33
Plastic strain_mean -1.55289e-17 0.000363383 0 0.000363383 1.55289e-17 0 0 0 0
Plastic strain_rate_mean 0 0 0 0 0 0 0 0 0
Dissipation 0.00156555
End step 19
Begin step 20
Stress 3.12629e-12 54.7425 -1.2532e-12 54.7425 -3.09994e-12 4.59729e-12 -1.2532e-12 4.59729e-12 7.91273e-15
Strain 0 0.000666667 0 0.000666667 0 0 0 0 0
Strain mean 5.26346e-20 0.000666667 -6.266e-18 0.000666667 2.74445e-33 2.29865e-17 -6.266e-18 2.29865e-17 1.80556e-33
Plastic strain_mean -1.55392e-17 0.000392954 0 0.000392954 1.55392e-17 0 0 0 0
Plastic strain_rate_mean 0 0 0 0 0 0 0 0 0
Dissipation 0.00161469
End step 20
Begin step 21
Stress 1.00443e-13 55.4054 2.55003e-13 55.4054 -9.96872e-14 4.76672e-12 2.55003e-13 4.76672e-12 2.27076e-16
Strain 0 0.0007 0 0.0007 0 0 0 0 0
Strain mean 1.51048e-21 0.0007 1.27501e-18 0.0007 -1.43482e-32 2.38336e-17 1.27501e-18 2.38336e-17 -4.42964e-33
Plastic strain_mean -4.99572e-19 0.000422973 0 0.000422973 4.99572e-19 0 0 0 0
Plastic strain_rate_mean 0 0 0 0 0 0 0 0 0
Dissipation 0.00165872
End step 21
Begin step 22
Stress -1.43954e-12 55.989 3.4848e-13 55.989 1.41836e-12 2.71673e-12 3.4848e-13 2.71673e-12 -6.35813e-15
Strain 0 0.000733333 0 0.000733333 0 0 0 0 0
Strain mean -4.22936e-20 0.000733333 1.7424e-18 0.000733333 5.3926e-33 1.35837e-17 1.7424e-18 1.35837e-17 -3.2139e-33
Plastic strain_mean 7.12361e-18 0.000453388 0 0.000453388 -7.12361e-18 0 0 0 0
Plastic strain_rate_mean 0 0 0 0 0 0 0 0 0
Dissipation 0.00169805
End step 22
Begin step 23
Stress 5.91925e-13 56.5027 8.85933e-13 56.5027 -4.80931e-13 -2.1316e-12 8.85933e-13 -2.1316e-12 3.33278e-14
Strain 0 0.000766667 0 0.000766667 0 0 0 0 0
Strain mean 2.21693e-19 0.000766667 4.42967e-18 0.000766667 -9.12409e-33 -1.0658e-17 4.42967e-18 -1.0658e-17 2.70223e-33
Plastic strain_mean -2.5713e-18 0.000484153 0 0.000484153 2.5713e-18 0 0 0 0
Plastic strain_rate_mean 0 0 0 0 0 0 0 0 0
Dissipation 0.00173307
End step 23
Begin step 24
Stress 1.37838e-12 56.9548 2.42716e-13 56.9548 -1.3675e-12 -1.13048e-12 2.42716e-13 -1.13048e-12 3.2664e-15
Strain 0 0.0008 0 0.0008 0 0 0 0 0
Strain mean 2.17277e-20 0.0008 1.21358e-18 0.0008 -2.02524e-33 -5.65239e-18 1.21358e-18 -5.65239e-18 1.52645e-33
Plastic strain_mean -6.85382e-18 0.000515226 0 0.000515226 6.85382e-18 0 0 0 0
Plastic strain_rate_mean 0 0 0 0 0 0 0 0 0
Dissipation 0.00176416
End step 24
Begin step 25
Stress 2.14538e-12 57.3526 2.43977e-13 57.3526 -2.17625e-12 4.34676e-13 2.43977e-13 4.34676e-13 -9.27082e-15
Strain 0 0.000833333 0 0.000833333 0 0 0 0 0
Strain mean -6.16684e-20 0.000833333 1.21988e-18 0.000833333 5.77779e-33 2.17338e-18 1.21988e-18 2.17338e-18 1.06236e-33
Plastic strain_mean -1.08349e-17 0.00054657 0 0.00054657 1.08349e-17 0 0 0 0
Plastic strain_rate_mean 0 0 0 0 0 0 0 0 0
Dissipation 0.0017917
End step 25
Begin step 26
Stress 2.76149e-12 57.7027 3.08456e-13 57.7027 -2.84509e-12 1.52105e-12 3.08456e-13 1.52105e-12 -2.51006e-14
Strain 0 0.000866667 0 0.000866667 0 0 0 0 0
Strain mean -1.66967e-19 0.000866667 1.54228e-18 0.000866667 -1.67556e-32 7.60527e-18 1.54228e-18 7.60527e-18 7.95198e-34
Plastic strain_mean -1.40999e-17 0.000578153 0 0.000578153 1.40999e-17 0 0 0 0
Plastic strain_rate_mean 0 0 0 0 0 0 0 0 0
Dissipation 0.00181605
End step 26
Begin step 27
Stress 7.58487e-13 58.0111 -1.14611e-12 58.0111 -8.50371e-13 1.71475e-12 -1.14611e-12 1.71475e-12 -2.75897e-14
Strain 0 0.0009 0 0.0009 0 0 0 0 0
Strain mean -1.83524e-19 0.0009 -5.73053e-18 0.0009 -8.43557e-32 8.57375e-18 -5.73053e-18 8.57375e-18 8.24539e-34
Plastic strain_mean -4.11391e-18 0.000609944 0 0.000609944 4.11391e-18 0 0 0 0
Plastic strain_rate_mean 0 0 0 0 0 0 0 0 0
Dissipation 0.00183754
End step 27
Begin step 28
Stress -3.55476e-13 58.2828 -1.12104e-12 58.2828 3.34752e-13 1.30792e-12 -1.12104e-12 1.30792e-12 -6.22276e-15
Strain 0 0.000933333 0 0.000933333 0 0 0 0 0
Strain mean -4.13931e-20 0.000933333 -5.60521e-18 0.000933333 -1.07852e-32 6.53962e-18 -5.60521e-18 6.53962e-18 6.22542e-34
Plastic strain_mean 1.70487e-18 0.000641919 0 0.000641919 -1.70487e-18 0 0 0 0
Plastic strain_rate_mean 0 0 0 0 0 0 0 0 0
Dissipation 0.00185649
End step 28
Begin step 29
Stress 2.38224e-13 58.5225 -3.98549e-12 58.5225 -2.80879e-13 -1.75274e-12 -3.98549e-12 -1.75274e-12 -1.2808e-14
Strain 0 0.000966667 0 0.000966667 0 0 0 0 0
Strain mean -8.51971e-20 0.000966667 -1.99274e-17 0.000966667 -3.78349e-31 -8.76372e-18 -1.99274e-17 -8.76372e-18 2.22309e-34
Plastic strain_mean -1.34036e-18 0.000674054 0 0.000674054 1.34036e-18 0 0 0 0
Plastic strain_rate_mean 0 0 0 0 0 0 0 0 0
Dissipation 0.00187316
End step 29
Begin step 30
Stress 4.07584e-13 58.7342 -3.20207e-12 58.7342 -4.46124e-13 -7.92723e-12 -3.20207e-12 -7.92723e-12 -1.15721e-14
Strain 0 0.001 0 0.001 0 0 0 0 0
Strain mean -7.69766e-20 0.001 -1.60104e-17 0.001 1.55037e-31 -3.96362e-17 -1.60104e-17 -3.96362e-17 -2.6948e-33
Plastic strain_mean -2.17276e-18 0.000706329 0 0.000706329 2.17276e-18 0 0 0 0
Plastic strain_rate_mean 0 0 0 0 0 0 0 0 0
Dissipation 0.00188783
End step 30
