Begin step 0
Stress 0 0 0 0 0 0 0 0 0
Strain 0 0 0 0 0 0 0 0 0
Strain mean 0 0 0 0 0 0 0 0 0
Plastic strain_mean 0 0 0 0 0 0 0 0 0
Plastic strain_rate_mean 0 0 0 0 0 0 0 0 0
Dissipation 0
End step 0
Begin step 1
Stress 158.288 -4.37569e-11 -1.57495e-11 -4.37569e-11 1.97895e-13 -4.28032e-12 -1.57495e-11 -4.28032e-12 3.96696e-13
Strain 0.00133333 0 0 0 0 0 0 0 0
Strain mean 0.00133333 5.52575e-13 8.53133e-14 5.52575e-13 -0.000517698 -2.9178e-17 8.53133e-14 -2.9178e-17 -0.000517698
Plastic strain_mean 2.88801e-05 5.52779e-13 8.53868e-14 5.52779e-13 -1.444e-05 -9.21609e-18 8.53868e-14 -9.21609e-18 -1.444e-05
Plastic strain_rate_mean 0 0 0 0 0 0 0 0 0
Dissipation 0.000380946
End step 1
Begin step 2
Stress 313.028 -8.53169e-11 -3.41864e-12 -8.53169e-11 1.12692e-12 2.13357e-12 -3.41864e-12 2.13357e-12 -1.60755e-13
Strain 0.00266667 0 0 0 0 0 0 0 0
Strain mean 0.00266667 5.48648e-13 8.48753e-14 5.48648e-13 -0.00103873 -1.53525e-16 8.48753e-14 -1.53525e-16 -0.00103873
Plastic strain_mean 8.69926e-05 5.49046e-13 8.48913e-14 5.49046e-13 -4.34963e-05 -1.63475e-16 8.48913e-14 -1.63475e-16 -4.34963e-05
Plastic strain_rate_mean 0 0 0 0 0 0 0 0 0
Dissipation 0.0015159
End step 2
Begin step 3
Stress 464.051 -1.30228e-10 6.10575e-12 -1.30228e-10 4.84736e-13 -1.42134e-11 6.10575e-12 -1.42134e-11 -9.98643e-14
Strain 0.004 0 0 0 0 0 0 0 0
Strain mean 0.004 5.70499e-13 8.8793e-14 5.70499e-13 -0.00156327 -9.20668e-16 8.8793e-14 -9.20668e-16 -0.00156327
Plastic strain_mean 0.00017574 5.71106e-13 8.87645e-14 5.71106e-13 -8.78701e-05 -8.54382e-16 8.87645e-14 -8.54382e-16 -8.78701e-05
Plastic strain_rate_mean 0 0 0 0 0 0 0 0 0
Dissipation 0.00343195
End step 3
Begin step 4
Stress 611.024 -2.04282e-10 4.90701e-11 -2.04282e-10 2.44034e-12 3.64824e-11 4.90701e-11 3.64824e-11 1.80747e-12
Strain 0.00533333 0 0 0 0 0 0 0 0
Strain mean 0.00533333 5.70134e-13 8.9002e-14 5.70134e-13 -0.00209162 -6.90213e-16 8.9002e-14 -6.90213e-16 -0.00209162
Plastic strain_mean 0.000297866 5.71087e-13 8.87731e-14 5.71087e-13 -0.000148933 -8.60355e-16 8.87731e-14 -8.60355e-16 -0.000148933
Plastic strain_rate_mean 0 0 0 0 0 0 0 0 0
Dissipation 0.00621847
End step 4
Begin step 5
Stress 753.365 -2.00258e-10 2.31935e-11 -2.00258e-10 -2.30116e-12 1.02741e-11 2.31935e-11 1.02741e-11 1.16505e-12
Strain 0.00666667 0 0 0 0 0 0 0 0
Strain mean 0.00666667 5.70118e-13 8.88908e-14 5.70118e-13 -0.00262432 -8.7468e-16 8.88908e-14 -8.7468e-16 -0.00262432
Plastic strain_mean 0.000458161 5.71051e-13 8.87826e-14 5.71051e-13 -0.00022908 -9.22595e-16 8.87826e-14 -9.22595e-16 -0.00022908
Plastic strain_rate_mean 0 0 0 0 0 0 0 0 0
Dissipation 0.0100634
End step 5
Begin step 6
Stress 890.038 -2.47094e-10 -1.87564e-12 -2.47094e-10 -3.5881e-13 5.24855e-12 -1.87564e-12 5.24855e-12 -4.22213e-15
Strain 0.008 0 0 0 0 0 0 0 0
Strain mean 0.008 5.69711e-13 8.87329e-14 5.69711e-13 -0.00316236 -1.32446e-15 8.87329e-14 -1.32446e-15 -0.00316236
Plastic strain_mean 0.00066517 5.70864e-13 8.87416e-14 5.70864e-13 -0.000332585 -1.34894e-15 8.87416e-14 -1.34894e-15 -0.000332585
Plastic strain_rate_mean 0 0 0 0 0 0 0 0 0
Dissipation 0.0153538
End step 6
Begin step 7
Stress 1018.96 -2.84332e-10 1.68811e-12 -2.84332e-10 -1.24616e-13 8.42181e-12 1.68811e-12 8.42181e-12 6.45017e-14
Strain 0.00933333 0 0 0 0 0 0 0 0
Strain mean 0.00933333 5.66537e-13 8.52064e-14 5.66537e-13 -0.0037077 -5.43533e-15 8.52064e-14 -5.43533e-15 -0.0037077
Plastic strain_mean 0.000936084 5.67863e-13 8.51985e-14 5.67863e-13 -0.000468042 -5.4746e-15 8.51985e-14 -5.4746e-15 -0.000468042
Plastic strain_rate_mean 0 0 0 0 0 0 0 0 0
Dissipation 0.0230042
End step 7
Begin step 8
Stress 1134.46 -3.09674e-10 -2.51841e-11 -3.09674e-10 -2.79109e-11 -3.28758e-12 -2.51841e-11 -3.28758e-12 -4.54428e-13
Strain 0.0106667 0 0 0 0 0 0 0 0
Strain mean 0.0106667 5.66236e-13 8.55415e-14 5.66236e-13 -0.00426566 -7.01381e-15 8.55415e-14 -7.01381e-15 -0.00426566
Plastic strain_mean 0.00131755 5.6768e-13 8.5659e-14 5.6768e-13 -0.000658777 -6.99848e-15 8.5659e-14 -6.99848e-15 -0.000658777
Plastic strain_rate_mean 0 0 0 0 0 0 0 0 0
Dissipation 0.0360634
End step 8
Begin step 9
Stress 1205.01 -3.4119e-10 5.16664e-12 -3.4119e-10 -1.67011e-11 1.90636e-12 5.16664e-12 1.90636e-12 1.22494e-13
Strain 0.012 0 0 0 0 0 0 0 0
Strain mean 0.012 5.61695e-13 8.87967e-14 5.61695e-13 -0.00486594 -1.92488e-14 8.87967e-14 -1.92488e-14 -0.00486594
Plastic strain_mean 0.0020695 5.63286e-13 8.87726e-14 5.63286e-13 -0.00103475 -1.92576e-14 8.87726e-14 -1.92576e-14 -0.00103475
Plastic strain_rate_mean 0 0 0 0 0 0 0 0 0
Dissipation 0.0755083
End step 9
Begin step 10
Stress 1211.83 -3.37125e-10 -1.24716e-13 -3.37125e-10 -1.95339e-13 -2.17884e-13 -1.24716e-13 -2.17884e-13 -1.99103e-13
Strain 0.0133333 0 0 0 0 0 0 0 0
Strain mean 0.0133333 2.09471e-13 4.85892e-13 2.09471e-13 -0.00552619 -1.47528e-12 4.85892e-13 -1.47528e-12 -0.00552619
Plastic strain_mean 0.00334663 2.11043e-13 4.85893e-13 2.11043e-13 -0.00167331 -1.47528e-12 4.85893e-13 -1.47528e-12 -0.00167331
Plastic strain_rate_mean 0 0 0 0 0 0 0 0 0
Dissipation 0.128972
End step 10
Begin step 11
Stress 1216.32 -3.37813e-10 -2.9298e-13 -3.37813e-10 1.39922e-13 2.68736e-14 -2.9298e-13 2.68736e-14 5.57337e-14
Strain 0.0146667 0 0 0 0 0 0 0 0
Strain mean 0.0146667 1.20468e-13 3.0433e-13 1.20468e-13 -0.00618862 -8.01811e-13 3.0433e-13 -8.01811e-13 -0.00618862
Plastic strain_mean 0.00464292 1.22044e-13 3.04331e-13 1.22044e-13 -0.00232146 -8.01811e-13 3.04331e-13 -8.01811e-13 -0.00232146
Plastic strain_rate_mean 0 0 0 0 0 0 0 0 0
Dissipation 0.131392
End step 11
Begin step 12
Stress 1220.81 -3.3682e-10 -7.204e-12 -3.3682e-10 3.5091e-11 -1.7628e-11 -7.204e-12 -1.7628e-11 -3.66048e-13
Strain 0.016 0 0 0 0 0 0 0 0
Strain mean 0.016 2.18104e-14 5.37543e-13 2.18104e-14 -0.00685106 -1.81561e-12 5.37543e-13 -1.81561e-12 -0.00685106
Plastic strain_mean 0.00593924 2.33812e-14 5.37576e-13 2.33812e-14 -0.00296962 -1.81553e-12 5.37576e-13 -1.81553e-12 -0.00296962
Plastic strain_rate_mean 0 0 0 0 0 0 0 0 0
Dissipation 0.13188
End step 12
Begin step 13
Stress 1225.3 -3.46068e-10 -5.32131e-12 -3.46068e-10 -7.90591e-12 -7.95513e-12 -5.32131e-12 -7.95513e-12 -3.74403e-13
Strain 0.0173333 0 0 0 0 0 0 0 0
Strain mean 0.0173333 3.22022e-14 2.99832e-13 3.22022e-14 -0.0075135 -8.84241e-13 2.99832e-13 -8.84241e-13 -0.0075135
Plastic strain_mean 0.00723556 3.38162e-14 2.99857e-13 3.38162e-14 -0.00361778 -8.84204e-13 2.99857e-13 -8.84204e-13 -0.00361778
Plastic strain_rate_mean 0 0 0 0 0 0 0 0 0
Dissipation 0.132365
End step 13
Begin step 14
Stress 1229.8 -3.55264e-10 -3.10825e-12 -3.55264e-10 -5.16521e-11 1.67071e-12 -3.10825e-12 1.67071e-12 -1.06139e-12
Strain 0.0186667 0 0 0 0 0 0 0 0
Strain mean 0.0186667 4.25943e-14 6.21225e-14 4.25943e-14 -0.00817594 4.71294e-14 6.21225e-14 4.71294e-14 -0.00817594
Plastic strain_mean 0.00853187 4.42512e-14 6.2137e-14 4.42512e-14 -0.00426594 4.71217e-14 6.2137e-14 4.71217e-14 -0.00426594
Plastic strain_rate_mean 0 0 0 0 0 0 0 0 0
Dissipation 0.132851
End step 14
Begin step 15
Stress 1234.29 -3.64511e-10 -6.87203e-13 -3.64511e-10 -9.5242e-11 1.13666e-11 -6.87203e-13 1.13666e-11 -1.54594e-12
Strain 0.02 0 0 0 0 0 0 0 0
Strain mean 0.02 5.29862e-14 -1.75586e-13 5.29862e-14 -0.00883838 9.78501e-13 -1.75586e-13 9.78501e-13 -0.00883838
Plastic strain_mean 0.00982819 5.46862e-14 -1.75583e-13 5.46862e-14 -0.0049141 9.78448e-13 -1.75583e-13 9.78448e-13 -0.0049141
Plastic strain_rate_mean 0 0 0 0 0 0 0 0 0
Dissipation 0.133336
End step 15
