Begin step 0
Stress 0 0 0 0 0 0 0 0 0
Strain 0 0 0 0 0 0 0 0 0
Strain mean 0 0 0 0 0 0 0 0 0
Plastic strain_mean 0 0 0 0 0 0 0 0 0
Plastic strain_rate_mean 0 0 0 0 0 0 0 0 0
Dissipation 0
End step 0
Begin step 1
Stress 2.40377e-14 6.5404 -3.12771e-12 6.5404 -2.38305e-14 -7.09151e-14 -3.12771e-12 -7.09151e-14 6.22276e-17
Strain 0 3.33333e-05 0 3.33333e-05 0 0 0 0 0
Strain mean 4.13931e-22 3.33333e-05 -1.56386e-17 3.33333e-05 2.47482e-31 -3.54575e-19 -1.56386e-17 -3.54575e-19 -1.45047e-33
Plastic strain_mean -1.19463e-19 6.31346e-07 0 6.31346e-07 1.19463e-19 0 0 0 0
Plastic strain_rate_mean 0 0 0 0 0 0 0 0 0
Dissipation 4.12911e-06
End step 1
Begin step 2
Stress -1.8922e-14 12.9559 4.22013e-12 12.9559 2.72244e-14 -6.42819e-12 4.22013e-12 -6.42819e-12 2.49292e-15
Strain 0 6.66667e-05 0 6.66667e-05 0 0 0 0 0
Strain mean 1.65826e-20 6.66667e-05 2.11007e-17 6.66667e-05 4.81482e-33 -3.2141e-17 2.11007e-17 -3.2141e-17 -4.31679e-33
Plastic strain_mean 1.23657e-19 1.8874e-06 0 1.8874e-06 -1.23657e-19 0 0 0 0
Plastic strain_rate_mean 0 0 0 0 0 0 0 0 0
Dissipation 1.62723e-05
End step 2
Begin step 3
Stress -4.09174e-14 19.2467 6.20765e-13 19.2467 3.84159e-14 -3.31918e-13 6.20765e-13 -3.31918e-13 -7.51098e-16
Strain 0 0.0001 0 0.0001 0 0 0 0 0
Strain mean -4.99622e-21 0.0001 3.10383e-18 0.0001 -5.60927e-33 -1.65959e-18 3.10383e-18 -1.65959e-18 1.46626e-33
Plastic strain_mean 1.95835e-19 3.76666e-06 0 3.76666e-06 -1.95835e-19 0 0 0 0
Plastic strain_rate_mean 0 0 0 0 0 0 0 0 0
Dissipation 3.6167e-05
End step 3
Begin step 4
Stress -5.15218e-14 25.4121 8.52509e-13 25.4121 6.07131e-14 -2.83996e-13 8.52509e-13 -2.83996e-13 2.75985e-15
Strain 0 0.000133333 0 0.000133333 0 0 0 0 0
Strain mean 1.83582e-20 0.000133333 4.26254e-18 0.000133333 1.15797e-32 -1.41998e-18 4.26254e-18 -1.41998e-18 2.58947e-33
Plastic strain_mean 2.89766e-19 6.27259e-06 0 6.27259e-06 -2.89766e-19 0 0 0 0
Plastic strain_rate_mean 0 0 0 0 0 0 0 0 0
Dissipation 6.36755e-05
End step 4
Begin step 5
Stress 1.55675e-13 31.4506 8.22184e-12 31.4506 -1.56671e-13 -2.26674e-12 8.22184e-12 -2.26674e-12 -2.99129e-16
Strain 0 0.000166667 0 0.000166667 0 0 0 0 0
Strain mean -1.98977e-21 0.000166667 4.11092e-17 0.000166667 8.19724e-33 -1.13337e-17 4.11092e-17 -1.13337e-17 -1.18866e-33
Plastic strain_mean -7.81861e-19 9.41366e-06 0 9.41366e-06 7.81861e-19 0 0 0 0
Plastic strain_rate_mean 0 0 0 0 0 0 0 0 0
Dissipation 9.87777e-05
End step 5
Begin step 6
Stress -2.74076e-14 37.3593 -1.31482e-12 37.3593 1.84054e-14 1.60544e-12 -1.31482e-12 1.60544e-12 -2.70308e-15
Strain 0 0.0002 0 0.0002 0 0 0 0 0
Strain mean -1.79806e-20 0.0002 -6.57411e-18 0.0002 2.75649e-32 8.02722e-18 -6.57411e-18 8.02722e-18 -3.54792e-33
Plastic strain_mean 1.05542e-19 1.32036e-05 0 1.32036e-05 -1.05542e-19 0 0 0 0
Plastic strain_rate_mean 0 0 0 0 0 0 0 0 0
Dissipation 0.00014157
End step 6
Begin step 7
Stress -6.46616e-14 43.1343 -2.51357e-12 43.1343 5.0002e-14 1.72612e-12 -2.51357e-12 1.72612e-12 -4.40178e-15
Strain 0 0.000233333 0 0.000233333 0 0 0 0 0
Strain mean -2.92802e-20 0.000233333 -1.25679e-17 0.000233333 2.64394e-32 8.63058e-18 -1.25679e-17 8.63058e-18 -1.05324e-35
Plastic strain_mean 2.72019e-19 1.76618e-05 0 1.76618e-05 -2.72019e-19 0 0 0 0
Plastic strain_rate_mean 0 0 0 0 0 0 0 0 0
Dissipation 0.000192273
End step 7
Begin step 8
Stress -1.11832e-13 48.7705 -4.19869e-12 48.7705 1.22143e-13 2.96694e-12 -4.19869e-12 2.96694e-12 3.09609e-15
Strain 0 0.000266667 0 0.000266667 0 0 0 0 0
Strain mean 2.05949e-20 0.000266667 -2.09934e-17 0.000266667 1.20371e-35 1.48347e-17 -2.09934e-17 1.48347e-17 -1.23982e-33
Plastic strain_mean 5.95234e-19 2.28143e-05 0 2.28143e-05 -5.95234e-19 0 0 0 0
Plastic strain_rate_mean 0 0 0 0 0 0 0 0 0
Dissipation 0.00025125
End step 8
Begin step 9
Stress -2.2847e-13 54.261 -6.96813e-12 54.261 2.43711e-13 5.06359e-12 -6.96813e-12 5.06359e-12 4.57646e-15
Strain 0 0.0003 0 0.0003 0 0 0 0 0
Strain mean 3.04421e-20 0.0003 -3.48406e-17 0.0003 -9.26011e-32 2.5318e-17 -3.48406e-17 2.5318e-17 -3.07547e-33
Plastic strain_mean 1.19567e-18 2.86951e-05 0 2.86951e-05 -1.19567e-18 0 0 0 0
Plastic strain_rate_mean 0 0 0 0 0 0 0 0 0
Dissipation 0.000319034
End step 9
Begin step 10
Stress -1.92315e-13 59.5972 -3.11282e-12 59.5972 2.11105e-13 2.29445e-12 -3.11282e-12 2.29445e-12 5.64197e-15
Strain 0 0.000333333 0 0.000333333 0 0 0 0 0
Strain mean 3.75297e-20 0.000333333 -1.55641e-17 0.000333333 2.31124e-31 1.14722e-17 -1.55641e-17 1.14722e-17 -1.99138e-33
Plastic strain_mean 1.02731e-18 3.53475e-05 0 3.53475e-05 -1.02731e-18 0 0 0 0
Plastic strain_rate_mean 0 0 0 0 0 0 0 0 0
Dissipation 0.000396375
End step 10
Begin step 11
Stress -7.10521e-13 64.7679 8.30265e-12 64.7679 7.22417e-13 -3.10472e-12 8.30265e-12 -3.10472e-12 3.57208e-15
Strain 0 0.000366667 0 0.000366667 0 0 0 0 0
Strain mean 2.37611e-20 0.000366667 4.15132e-17 0.000366667 1.42952e-31 -1.55236e-17 4.15132e-17 -1.55236e-17 6.77386e-33
Plastic strain_mean 3.59423e-18 4.2827e-05 0 4.2827e-05 -3.59423e-18 0 0 0 0
Plastic strain_rate_mean 0 0 0 0 0 0 0 0 0
Dissipation 0.000484308
End step 11
Begin step 12
Stress -6.92879e-13 69.759 2.26013e-12 69.759 7.19006e-13 3.26962e-12 2.26013e-12 3.26962e-12 7.84504e-15
Strain 0 0.0004 0 0.0004 0 0 0 0 0
Strain mean 5.21843e-20 0.0004 1.13006e-17 0.0004 -2.03186e-31 1.63481e-17 1.13006e-17 1.63481e-17 -2.70232e-33
Plastic strain_mean 3.5558e-18 5.12049e-05 0 5.12049e-05 -3.5558e-18 0 0 0 0
Plastic strain_rate_mean 0 0 0 0 0 0 0 0 0
Dissipation 0.000584264
End step 12
Begin step 13
Stress -8.0536e-13 74.5519 -5.81682e-13 74.5519 8.53149e-13 1.17016e-12 -5.81682e-13 1.17016e-12 1.43495e-14
Strain 0 0.000433333 0 0.000433333 0 0 0 0 0
Strain mean 9.5451e-20 0.000433333 -2.90841e-18 0.000433333 1.54652e-31 5.85081e-18 -2.90841e-18 5.85081e-18 9.44909e-34
Plastic strain_mean 4.194e-18 6.05739e-05 0 6.05739e-05 -4.194e-18 0 0 0 0
Plastic strain_rate_mean 0 0 0 0 0 0 0 0 0
Dissipation 0.000698251
End step 13
Begin step 14
Stress -7.45643e-13 79.1219 1.39215e-12 79.1219 7.43418e-13 -7.11718e-15 1.39215e-12 -7.11718e-15 -6.68128e-16
Strain 0 0.000466667 0 0.000466667 0 0 0 0 0
Strain mean -4.44431e-21 0.000466667 6.96073e-18 0.000466667 1.7526e-32 -3.55859e-20 6.96073e-18 -3.55859e-20 -5.15299e-33
Plastic strain_mean 3.72043e-18 7.1057e-05 0 7.1057e-05 -3.72043e-18 0 0 0 0
Plastic strain_rate_mean 0 0 0 0 0 0 0 0 0
Dissipation 0.000829138
End step 14
Begin step 15
Stress -1.39363e-13 83.4357 -4.61222e-12 83.4357 1.65119e-13 3.92175e-12 -4.61222e-12 3.92175e-12 7.73369e-15
Strain 0 0.0005 0 0.0005 0 0 0 0 0
Strain mean 5.14436e-20 0.0005 -2.30611e-17 0.0005 4.26654e-32 1.96087e-17 -2.30611e-17 1.96087e-17 1.29398e-32
Plastic strain_mean 7.86928e-19 8.28215e-05 0 8.28215e-05 -7.86928e-19 0 0 0 0
Plastic strain_rate_mean 0 0 0 0 0 0 0 0 0
Dissipation 0.000981166
End step 15
Begin step 16
Stress -3.32083e-13 87.4461 -3.46722e-14 87.4461 2.87217e-13 4.34199e-13 -3.46722e-14 4.34199e-13 -1.34717e-14
Strain 0 0.000533333 0 0.000533333 0 0 0 0 0
Strain mean -8.96124e-20 0.000533333 -1.73361e-19 0.000533333 6.66853e-32 2.171e-18 -1.73361e-19 2.171e-18 -5.49492e-33
Plastic strain_mean 1.50344e-18 9.61029e-05 0 9.61029e-05 -1.50344e-18 0 0 0 0
Plastic strain_rate_mean 0 0 0 0 0 0 0 0 0
Dissipation 0.00116085
End step 16
Begin step 17
Stress -3.73238e-13 91.0839 -8.39779e-13 91.0839 3.29172e-13 3.50437e-13 -8.39779e-13 3.50437e-13 -1.32315e-14
Strain 0 0.000566667 0 0.000566667 0 0 0 0 0
Strain mean -8.80147e-20 0.000566667 -4.1989e-18 0.000566667 1.05084e-32 1.75219e-18 -4.1989e-18 1.75219e-18 -3.05817e-33
Plastic strain_mean 1.71202e-18 0.000111247 0 0.000111247 -1.71202e-18 0 0 0 0
Plastic strain_rate_mean 0 0 0 0 0 0 0 0 0
Dissipation 0.00137861
End step 17
Begin step 18
Stress -6.95037e-13 94.2432 4.91651e-13 94.2432 7.12838e-13 -4.82843e-13 4.91651e-13 -4.82843e-13 5.34502e-15
Strain 0 0.0006 0 0.0006 0 0 0 0 0
Strain mean 3.55545e-20 0.0006 2.45826e-18 0.0006 -9.01335e-32 -2.41421e-18 2.45826e-18 -2.41421e-18 2.47362e-33
Plastic strain_mean 3.53747e-18 0.000128784 0 0.000128784 -3.53747e-18 0 0 0 0
Plastic strain_rate_mean 0 0 0 0 0 0 0 0 0
Dissipation 0.00165161
End step 18
Begin step 19
Stress -5.99686e-13 96.7604 -5.96792e-13 96.7604 5.50385e-13 1.83742e-13 -5.96792e-13 1.83742e-13 -1.48036e-14
Strain 0 0.000633333 0 0.000633333 0 0 0 0 0
Strain mean -9.84719e-20 0.000633333 -2.98396e-18 0.000633333 1.88741e-32 9.18712e-19 -2.98396e-18 9.18712e-19 4.12269e-34
Plastic strain_mean 2.82594e-18 0.000149531 0 0.000149531 -2.82594e-18 0 0 0 0
Plastic strain_rate_mean 0 0 0 0 0 0 0 0 0
Dissipation 0.0020058
End step 19
Begin step 20
Stress -5.30051e-13 98.4351 4.84306e-14 98.4351 4.81113e-13 8.05262e-13 4.84306e-14 8.05262e-13 -1.46944e-14
Strain 0 0.000666667 0 0.000666667 0 0 0 0 0
Strain mean -9.77457e-20 0.000666667 2.42153e-19 0.000666667 3.00927e-33 4.02631e-18 2.42153e-19 4.02631e-18 -5.52953e-34
Plastic strain_mean 2.47904e-18 0.000174491 0 0.000174491 -2.47904e-18 0 0 0 0
Plastic strain_rate_mean 0 0 0 0 0 0 0 0 0
Dissipation 0.00245416
End step 20
Begin step 21
Stress 3.38649e-12 99.2619 -5.97857e-12 99.2619 -3.43619e-12 -9.85255e-13 -5.97857e-12 -9.85255e-13 -1.49259e-14
Strain 0 0.0007 0 0.0007 0 0 0 0 0
Strain mean -9.92853e-20 0.0007 -2.98928e-17 0.0007 -9.29261e-33 -4.92627e-18 -2.98928e-17 -4.92627e-18 -4.94121e-33
Plastic strain_mean -1.71063e-17 0.000203691 0 0.000203691 1.71063e-17 0 0 0 0
Plastic strain_rate_mean 0 0 0 0 0 0 0 0 0
Dissipation 0.00289413
End step 21
Begin step 22
Stress 9.89034e-13 99.5756 3.66703e-12 99.5756 -9.92364e-13 2.31646e-12 3.66703e-12 2.31646e-12 -1.00001e-15
Strain 0 0.000733333 0 0.000733333 0 0 0 0 0
Strain mean -6.65194e-21 0.000733333 1.83351e-17 0.000733333 -1.75741e-33 1.15823e-17 1.83351e-17 1.15823e-17 -2.26899e-33
Plastic strain_mean -4.95682e-18 0.000235455 0 0.000235455 4.95682e-18 0 0 0 0
Plastic strain_rate_mean 0 0 0 0 0 0 0 0 0
Dissipation 0.00315768
End step 22
Begin step 23
Stress 2.92345e-12 99.6867 -3.20031e-12 99.6867 -2.9465e-12 -2.74479e-12 -3.20031e-12 -2.74479e-12 -6.92145e-15
Strain 0 0.000766667 0 0.000766667 0 0 0 0 0
Strain mean -4.60407e-20 0.000766667 -1.60015e-17 0.000766667 -4.62223e-31 -1.3724e-17 -1.60015e-17 -1.3724e-17 -2.49468e-33
Plastic strain_mean -1.46979e-17 0.000268233 0 0.000268233 1.46979e-17 0 0 0 0
Plastic strain_rate_mean 0 0 0 0 0 0 0 0 0
Dissipation 0.00326171
End step 23
Begin step 24
Stress 2.0396e-12 99.7358 6.90823e-12 99.7358 -1.96348e-12 3.86708e-12 6.90823e-12 3.86708e-12 2.28561e-14
Strain 0 0.0008 0 0.0008 0 0 0 0 0
Strain mean 1.52036e-19 0.0008 3.45411e-17 0.0008 -6.58427e-33 1.93354e-17 3.45411e-17 1.93354e-17 1.67014e-33
Plastic strain_mean -9.93169e-18 0.000301321 0 0.000301321 9.93169e-18 0 0 0 0
Plastic strain_rate_mean 0 0 0 0 0 0 0 0 0
Dissipation 0.00329393
End step 24
Begin step 25
Stress 1.23575e-12 99.7686 1.21581e-12 99.7686 -1.17043e-12 -2.10179e-13 1.21581e-12 -2.10179e-13 1.96159e-14
Strain 0 0.000833333 0 0.000833333 0 0 0 0 0
Strain mean 1.30483e-19 0.000833333 6.07906e-18 0.000833333 4.1588e-33 -1.05089e-18 6.07906e-18 -1.05089e-18 9.18578e-34
Plastic strain_mean -5.95021e-18 0.00033449 0 0.00033449 5.95021e-18 0 0 0 0
Plastic strain_rate_mean 0 0 0 0 0 0 0 0 0
Dissipation 0.00330288
End step 25
Begin step 26
Stress 1.16717e-12 99.7973 3.59939e-12 99.7973 -1.17266e-12 1.13299e-12 3.59939e-12 1.13299e-12 -1.6463e-15
Strain 0 0.000866667 0 0.000866667 0 0 0 0 0
Strain mean -1.0951e-20 0.000866667 1.7997e-17 0.000866667 5.89816e-34 5.66497e-18 1.7997e-17 5.66497e-18 5.50696e-34
Plastic strain_mean -5.85505e-18 0.00036768 0 0.00036768 5.85505e-18 0 0 0 0
Plastic strain_rate_mean 0 0 0 0 0 0 0 0 0
Dissipation 0.00330559
End step 26
Begin step 27
Stress 8.47587e-13 99.8249 4.59709e-12 99.8249 -8.02561e-13 2.01549e-12 4.59709e-12 2.01549e-12 1.35198e-14
Strain 0 0.0009 0 0.0009 0 0 0 0 0
Strain mean 8.99319e-20 0.0009 2.29855e-17 0.0009 4.15279e-33 1.00774e-17 2.29855e-17 1.00774e-17 1.35417e-33
Plastic strain_mean -4.0804e-18 0.000400876 0 0.000400876 4.0804e-18 0 0 0 0
Plastic strain_rate_mean 0 0 0 0 0 0 0 0 0
Dissipation 0.00330683
End step 27
Begin step 28
Stress 6.47996e-13 99.8518 5.54471e-12 99.8518 -7.42004e-13 3.18075e-12 5.54471e-12 3.18075e-12 -2.82273e-14
Strain 0 0.000933333 0 0.000933333 0 0 0 0 0
Strain mean -1.87765e-19 0.000933333 2.77235e-17 0.000933333 -2.96112e-33 1.59037e-17 2.77235e-17 1.59037e-17 8.78706e-34
Plastic strain_mean -3.56888e-18 0.000434074 0 0.000434074 3.56888e-18 0 0 0 0
Plastic strain_rate_mean 0 0 0 0 0 0 0 0 0
Dissipation 0.0033078
End step 28
Begin step 29
Stress 1.03697e-12 99.8781 6.51258e-12 99.8781 -8.35633e-13 4.48174e-12 6.51258e-12 4.48174e-12 6.04546e-14
Strain 0 0.000966667 0 0.000966667 0 0 0 0 0
Strain mean 4.02137e-19 0.000966667 3.25629e-17 0.000966667 1.68519e-34 2.24087e-17 3.25629e-17 2.24087e-17 8.72687e-34
Plastic strain_mean -4.48044e-18 0.000467276 0 0.000467276 4.48044e-18 0 0 0 0
Plastic strain_rate_mean 0 0 0 0 0 0 0 0 0
Dissipation 0.00330875
End step 29
Begin step 30
Stress -6.80151e-13 99.9036 1.40532e-14 99.9036 6.32857e-13 8.40241e-13 1.40532e-14 8.40241e-13 -1.4201e-14
Strain 0 0.001 0 0.001 0 0 0 0 0
Strain mean -9.44633e-20 0.001 7.02658e-20 0.001 1.51968e-34 4.20121e-18 7.02658e-20 4.20121e-18 -4.96529e-35
Plastic strain_mean 3.23529e-18 0.000500482 0 0.000500482 -3.23529e-18 0 0 0 0
Plastic strain_rate_mean 0 0 0 0 0 0 0 0 0
Dissipation 0.00330972
End step 30
Begin step 0
Stress 0 0 0 0 0 0 0 0 0
Strain 0 0 0 0 0 0 0 0 0
Strain mean 0 0 0 0 0 0 0 0 0
Plastic strain_mean 0 0 0 0 0 0 0 0 0
Plastic strain_rate_mean 0 0 0 0 0 0 0 0 0
Dissipation 0
End step 0
Begin step 1
Stress 2.40377e-14 6.5404 -3.12771e-12 6.5404 -2.38305e-14 -7.09151e-14 -3.12771e-12 -7.09151e-14 6.22276e-17
Strain 0 3.33333e-05 0 3.33333e-05 0 0 0 0 0
Strain mean 4.13931e-22 3.33333e-05 -1.56386e-17 3.33333e-05 2.47482e-31 -3.54575e-19 -1.56386e-17 -3.54575e-19 -1.45047e-33
Plastic strain_mean -1.19463e-19 6.31346e-07 0 6.31346e-07 1.19463e-19 0 0 0 0
Plastic strain_rate_mean 0 0 0 0 0 0 0 0 0
Dissipation 4.12911e-06
End step 1
Begin step 2
Stress -1.8922e-14 12.9559 4.22013e-12 12.9559 2.72244e-14 -6.42819e-12 4.22013e-12 -6.42819e-12 2.49292e-15
Strain 0 6.66667e-05 0 6.66667e-05 0 0 0 0 0
Strain mean 1.65826e-20 6.66667e-05 2.11007e-17 6.66667e-05 4.81482e-33 -3.2141e-17 2.11007e-17 -3.2141e-17 -4.31679e-33
Plastic strain_mean 1.23657e-19 1.8874e-06 0 1.8874e-06 -1.23657e-19 0 0 0 0
Plastic strain_rate_mean 0 0 0 0 0 0 0 0 0
Dissipation 1.62723e-05
End step 2
Begin step 3
Stress -4.09174e-14 19.2467 6.20765e-13 19.2467 3.84159e-14 -3.31918e-13 6.20765e-13 -3.31918e-13 -7.51098e-16
Strain 0 0.0001 0 0.0001 0 0 0 0 0
Strain mean -4.99622e-21 0.0001 3.10383e-18 0.0001 -5.60927e-33 -1.65959e-18 3.10383e-18 -1.65959e-18 1.46626e-33
Plastic strain_mean 1.95835e-19 3.76666e-06 0 3.76666e-06 -1.95835e-19 0 0 0 0
Plastic strain_rate_mean 0 0 0 0 0 0 0 0 0
Dissipation 3.6167e-05
End step 3
Begin step 4
Stress -5.15218e-14 25.4121 8.52509e-13 25.4121 6.07131e-14 -2.83996e-13 8.52509e-13 -2.83996e-13 2.75985e-15
Strain 0 0.000133333 0 0.000133333 0 0 0 0 0
Strain mean 1.83582e-20 0.000133333 4.26254e-18 0.000133333 1.15797e-32 -1.41998e-18 4.26254e-18 -1.41998e-18 2.58947e-33
Plastic strain_mean 2.89766e-19 6.27259e-06 0 6.27259e-06 -2.89766e-19 0 0 0 0
Plastic strain_rate_mean 0 0 0 0 0 0 0 0 0
Dissipation 6.36755e-05
End step 4
Begin step 5
Stress 1.55675e-13 31.4506 8.22184e-12 31.4506 -1.56671e-13 -2.26674e-12 8.22184e-12 -2.26674e-12 -2.99129e-16
Strain 0 0.000166667 0 0.000166667 0 0 0 0 0
Strain mean -1.98977e-21 0.000166667 4.11092e-17 0.000166667 8.19724e-33 -1.13337e-17 4.11092e-17 -1.13337e-17 -1.18866e-33
Plastic strain_mean -7.81861e-19 9.41366e-06 0 9.41366e-06 7.81861e-19 0 0 0 0
Plastic strain_rate_mean 0 0 0 0 0 0 0 0 0
Dissipation 9.87777e-05
End step 5
Begin step 6
Stress -2.74076e-14 37.3593 -1.31482e-12 37.3593 1.84054e-14 1.60544e-12 -1.31482e-12 1.60544e-12 -2.70308e-15
Strain 0 0.0002 0 0.0002 0 0 0 0 0
Strain mean -1.79806e-20 0.0002 -6.57411e-18 0.0002 2.75649e-32 8.02722e-18 -6.57411e-18 8.02722e-18 -3.54792e-33
Plastic strain_mean 1.05542e-19 1.32036e-05 0 1.32036e-05 -1.05542e-19 0 0 0 0
Plastic strain_rate_mean 0 0 0 0 0 0 0 0 0
Dissipation 0.00014157
End step 6
Begin step 7
Stress -6.46616e-14 43.1343 -2.51357e-12 43.1343 5.0002e-14 1.72612e-12 -2.51357e-12 1.72612e-12 -4.40178e-15
Strain 0 0.000233333 0 0.000233333 0 0 0 0 0
Strain mean -2.92802e-20 0.000233333 -1.25679e-17 0.000233333 2.64394e-32 8.63058e-18 -1.25679e-17 8.63058e-18 -1.05324e-35
Plastic strain_mean 2.72019e-19 1.76618e-05 0 1.76618e-05 -2.72019e-19 0 0 0 0
Plastic strain_rate_mean 0 0 0 0 0 0 0 0 0
Dissipation 0.000192273
End step 7
Begin step 8
Stress -1.11832e-13 48.7705 -4.19869e-12 48.7705 1.22143e-13 2.96694e-12 -4.19869e-12 2.96694e-12 3.09609e-15
Strain 0 0.000266667 0 0.000266667 0 0 0 0 0
Strain mean 2.05949e-20 0.000266667 -2.09934e-17 0.000266667 1.20371e-35 1.48347e-17 -2.09934e-17 1.48347e-17 -1.23982e-33
Plastic strain_mean 5.95234e-19 2.28143e-05 0 2.28143e-05 -5.95234e-19 0 0 0 0
Plastic strain_rate_mean 0 0 0 0 0 0 0 0 0
Dissipation 0.00025125
End step 8
Begin step 9
Stress -2.2847e-13 54.261 -6.96813e-12 54.261 2.43711e-13 5.06359e-12 -6.96813e-12 5.06359e-12 4.57646e-15
Strain 0 0.0003 0 0.0003 0 0 0 0 0
Strain mean 3.04421e-20 0.0003 -3.48406e-17 0.0003 -9.26011e-32 2.5318e-17 -3.48406e-17 2.5318e-17 -3.07547e-33
Plastic strain_mean 1.19567e-18 2.86951e-05 0 2.86951e-05 -1.19567e-18 0 0 0 0
Plastic strain_rate_mean 0 0 0 0 0 0 0 0 0
Dissipation 0.000319034
End step 9
Begin step 10
Stress -1.92315e-13 59.5972 -3.11282e-12 59.5972 2.11105e-13 2.29445e-12 -3.11282e-12 2.29445e-12 5.64197e-15
Strain 0 0.000333333 0 0.000333333 0 0 0 0 0
Strain mean 3.75297e-20 0.000333333 -1.55641e-17 0.000333333 2.31124e-31 1.14722e-17 -1.55641e-17 1.14722e-17 -1.99138e-33
Plastic strain_mean 1.02731e-18 3.53475e-05 0 3.53475e-05 -1.02731e-18 0 0 0 0
Plastic strain_rate_mean 0 0 0 0 0 0 0 0 0
Dissipation 0.000396375
End step 10
Begin step 11
Stress -7.10521e-13 64.7679 8.30265e-12 64.7679 7.22417e-13 -3.10472e-12 8.30265e-12 -3.10472e-12 3.57208e-15
Strain 0 0.000366667 0 0.000366667 0 0 0 0 0
Strain mean 2.37611e-20 0.000366667 4.15132e-17 0.000366667 1.42952e-31 -1.55236e-17 4.15132e-17 -1.55236e-17 6.77386e-33
Plastic strain_mean 3.59423e-18 4.2827e-05 0 4.2827e-05 -3.59423e-18 0 0 0 0
Plastic strain_rate_mean 0 0 0 0 0 0 0 0 0
Dissipation 0.000484308
End step 11
Begin step 12
Stress -6.92879e-13 69.759 2.26013e-12 69.759 7.19006e-13 3.26962e-12 2.26013e-12 3.26962e-12 7.84504e-15
Strain 0 0.0004 0 0.0004 0 0 0 0 0
Strain mean 5.21843e-20 0.0004 1.13006e-17 0.0004 -2.03186e-31 1.63481e-17 1.13006e-17 1.63481e-17 -2.70232e-33
Plastic strain_mean 3.5558e-18 5.12049e-05 0 5.12049e-05 -3.5558e-18 0 0 0 0
Plastic strain_rate_mean 0 0 0 0 0 0 0 0 0
Dissipation 0.000584264
End step 12
Begin step 13
Stress -8.0536e-13 74.5519 -5.81682e-13 74.5519 8.53149e-13 1.17016e-12 -5.81682e-13 1.17016e-12 1.43495e-14
Strain 0 0.000433333 0 0.000433333 0 0 0 0 0
Strain mean 9.5451e-20 0.000433333 -2.90841e-18 0.000433333 1.54652e-31 5.85081e-18 -2.90841e-18 5.85081e-18 9.44909e-34
Plastic strain_mean 4.194e-18 6.05739e-05 0 6.05739e-05 -4.194e-18 0 0 0 0
Plastic strain_rate_mean 0 0 0 0 0 0 0 0 0
Dissipation 0.000698251
End step 13
Begin step 14
Stress -7.45643e-13 79.1219 1.39215e-12 79.1219 7.43418e-13 -7.11718e-15 1.39215e-12 -7.11718e-15 -6.68128e-16
Strain 0 0.000466667 0 0.000466667 0 0 0 0 0
Strain mean -4.44431e-21 0.000466667 6.96073e-18 0.000466667 1.7526e-32 -3.55859e-20 6.96073e-18 -3.55859e-20 -5.15299e-33
Plastic strain_mean 3.72043e-18 7.1057e-05 0 7.1057e-05 -3.72043e-18 0 0 0 0
Plastic strain_rate_mean 0 0 0 0 0 0 0 0 0
Dissipation 0.000829138
End step 14
Begin step 15
Stress -1.39363e-13 83.4357 -4.61222e-12 83.4357 1.65119e-13 3.92175e-12 -4.61222e-12 3.92175e-12 7.73369e-15
Strain 0 0.0005 0 0.0005 0 0 0 0 0
Strain mean 5.14436e-20 0.0005 -2.30611e-17 0.0005 4.26654e-32 1.96087e-17 -2.30611e-17 1.96087e-17 1.29398e-32
Plastic strain_mean 7.86928e-19 8.28215e-05 0 8.28215e-05 -7.86928e-19 0 0 0 0
Plastic strain_rate_mean 0 0 0 0 0 0 0 0 0
Dissipation 0.000981166
End step 15
Begin step 16
Stress -3.32083e-13 87.4461 -3.46722e-14 87.4461 2.87217e-13 4.34199e-13 -3.46722e-14 4.34199e-13 -1.34717e-14
Strain 0 0.000533333 0 0.000533333 0 0 0 0 0
Strain mean -8.96124e-20 0.000533333 -1.73361e-19 0.000533333 6.66853e-32 2.171e-18 -1.73361e-19 2.171e-18 -5.49492e-33
Plastic strain_mean 1.50344e-18 9.61029e-05 0 9.61029e-05 -1.50344e-18 0 0 0 0
Plastic strain_rate_mean 0 0 0 0 0 0 0 0 0
Dissipation 0.00116085
End step 16
Begin step 17
Stress -3.73238e-13 91.0839 -8.39779e-13 91.0839 3.29172e-13 3.50437e-13 -8.39779e-13 3.50437e-13 -1.32315e-14
Strain 0 0.000566667 0 0.000566667 0 0 0 0 0
Strain mean -8.80147e-20 0.000566667 -4.1989e-18 0.000566667 1.05084e-32 1.75219e-18 -4.1989e-18 1.75219e-18 -3.05817e-33
Plastic strain_mean 1.71202e-18 0.000111247 0 0.000111247 -1.71202e-18 0 0 0 0
Plastic strain_rate_mean 0 0 0 0 0 0 0 0 0
Dissipation 0.00137861
End step 17
Begin step 18
Stress -6.95037e-13 94.2432 4.91651e-13 94.2432 7.12838e-13 -4.82843e-13 4.91651e-13 -4.82843e-13 5.34502e-15
Strain 0 0.0006 0 0.0006 0 0 0 0 0
Strain mean 3.55545e-20 0.0006 2.45826e-18 0.0006 -9.01335e-32 -2.41421e-18 2.45826e-18 -2.41421e-18 2.47362e-33
Plastic strain_mean 3.53747e-18 0.000128784 0 0.000128784 -3.53747e-18 0 0 0 0
Plastic strain_rate_mean 0 0 0 0 0 0 0 0 0
Dissipation 0.00165161
End step 18
Begin step 19
Stress -5.99686e-13 96.7604 -5.96792e-13 96.7604 5.50385e-13 1.83742e-13 -5.96792e-13 1.83742e-13 -1.48036e-14
Strain 0 0.000633333 0 0.000633333 0 0 0 0 0
Strain mean -9.84719e-20 0.000633333 -2.98396e-18 0.000633333 1.88741e-32 9.18712e-19 -2.98396e-18 9.18712e-19 4.12269e-34
Plastic strain_mean 2.82594e-18 0.000149531 0 0.000149531 -2.82594e-18 0 0 0 0
Plastic strain_rate_mean 0 0 0 0 0 0 0 0 0
Dissipation 0.0020058
End step 19
Begin step 20
Stress -5.30051e-13 98.4351 4.84306e-14 98.4351 4.81113e-13 8.05262e-13 4.84306e-14 8.05262e-13 -1.46944e-14
Strain 0 0.000666667 0 0.000666667 0 0 0 0 0
Strain mean -9.77457e-20 0.000666667 2.42153e-19 0.000666667 3.00927e-33 4.02631e-18 2.42153e-19 4.02631e-18 -5.52953e-34
Plastic strain_mean 2.47904e-18 0.000174491 0 0.000174491 -2.47904e-18 0 0 0 0
Plastic strain_rate_mean 0 0 0 0 0 0 0 0 0
Dissipation 0.00245416
End step 20
Begin step 21
Stress 3.38649e-12 99.2619 -5.97857e-12 99.2619 -3.43619e-12 -9.85255e-13 -5.97857e-12 -9.85255e-13 -1.49259e-14
Strain 0 0.0007 0 0.0007 0 0 0 0 0
Strain mean -9.92853e-20 0.0007 -2.98928e-17 0.0007 -9.29261e-33 -4.92627e-18 -2.98928e-17 -4.92627e-18 -4.94121e-33
Plastic strain_mean -1.71063e-17 0.000203691 0 0.000203691 1.71063e-17 0 0 0 0
Plastic strain_rate_mean 0 0 0 0 0 0 0 0 0
Dissipation 0.00289413
End step 21
Begin step 22
Stress 9.89034e-13 99.5756 3.66703e-12 99.5756 -9.92364e-13 2.31646e-12 3.66703e-12 2.31646e-12 -1.00001e-15
Strain 0 0.000733333 0 0.000733333 0 0 0 0 0
Strain mean -6.65194e-21 0.000733333 1.83351e-17 0.000733333 -1.75741e-33 1.15823e-17 1.83351e-17 1.15823e-17 -2.26899e-33
Plastic strain_mean -4.95682e-18 0.000235455 0 0.000235455 4.95682e-18 0 0 0 0
Plastic strain_rate_mean 0 0 0 0 0 0 0 0 0
Dissipation 0.00315768
End step 22
Begin step 23
Stress 2.92345e-12 99.6867 -3.20031e-12 99.6867 -2.9465e-12 -2.74479e-12 -3.20031e-12 -2.74479e-12 -6.92145e-15
Strain 0 0.000766667 0 0.000766667 0 0 0 0 0
Strain mean -4.60407e-20 0.000766667 -1.60015e-17 0.000766667 -4.62223e-31 -1.3724e-17 -1.60015e-17 -1.3724e-17 -2.49468e-33
Plastic strain_mean -1.46979e-17 0.000268233 0 0.000268233 1.46979e-17 0 0 0 0
Plastic strain_rate_mean 0 0 0 0 0 0 0 0 0
Dissipation 0.00326171
End step 23
Begin step 24
Stress 2.0396e-12 99.7358 6.90823e-12 99.7358 -1.96348e-12 3.86708e-12 6.90823e-12 3.86708e-12 2.28561e-14
Strain 0 0.0008 0 0.0008 0 0 0 0 0
Strain mean 1.52036e-19 0.0008 3.45411e-17 0.0008 -6.58427e-33 1.93354e-17 3.45411e-17 1.93354e-17 1.67014e-33
Plastic strain_mean -9.93169e-18 0.000301321 0 0.000301321 9.93169e-18 0 0 0 0
Plastic strain_rate_mean 0 0 0 0 0 0 0 0 0
Dissipation 0.00329393
End step 24
Begin step 25
Stress 1.23575e-12 99.7686 1.21581e-12 99.7686 -1.17043e-12 -2.10179e-13 1.21581e-12 -2.10179e-13 1.96159e-14
Strain 0 0.000833333 0 0.000833333 0 0 0 0 0
Strain mean 1.30483e-19 0.000833333 6.07906e-18 0.000833333 4.1588e-33 -1.05089e-18 6.07906e-18 -1.05089e-18 9.18578e-34
Plastic strain_mean -5.95021e-18 0.00033449 0 0.00033449 5.95021e-18 0 0 0 0
Plastic strain_rate_mean 0 0 0 0 0 0 0 0 0
Dissipation 0.00330288
End step 25
Begin step 26
Stress 1.16717e-12 99.7973 3.59939e-12 99.7973 -1.17266e-12 1.13299e-12 3.59939e-12 1.13299e-12 -1.6463e-15
Strain 0 0.000866667 0 0.000866667 0 0 0 0 0
Strain mean -1.0951e-20 0.000866667 1.7997e-17 0.000866667 5.89816e-34 5.66497e-18 1.7997e-17 5.66497e-18 5.50696e-34
Plastic strain_mean -5.85505e-18 0.00036768 0 0.00036768 5.85505e-18 0 0 0 0
Plastic strain_rate_mean 0 0 0 0 0 0 0 0 0
Dissipation 0.00330559
End step 26
Begin step 27
Stress 8.47587e-13 99.8249 4.59709e-12 99.8249 -8.02561e-13 2.01549e-12 4.59709e-12 2.01549e-12 1.35198e-14
Strain 0 0.0009 0 0.0009 0 0 0 0 0
Strain mean 8.99319e-20 0.0009 2.29855e-17 0.0009 4.15279e-33 1.00774e-17 2.29855e-17 1.00774e-17 1.35417e-33
Plastic strain_mean -4.0804e-18 0.000400876 0 0.000400876 4.0804e-18 0 0 0 0
Plastic strain_rate_mean 0 0 0 0 0 0 0 0 0
Dissipation 0.00330683
End step 27
Begin step 28
Stress 6.47996e-13 99.8518 5.54471e-12 99.8518 -7.42004e-13 3.18075e-12 5.54471e-12 3.18075e-12 -2.82273e-14
Strain 0 0.000933333 0 0.000933333 0 0 0 0 0
Strain mean -1.87765e-19 0.000933333 2.77235e-17 0.000933333 -2.96112e-33 1.59037e-17 2.77235e-17 1.59037e-17 8.78706e-34
Plastic strain_mean -3.56888e-18 0.000434074 0 0.000434074 3.56888e-18 0 0 0 0
Plastic strain_rate_mean 0 0 0 0 0 0 0 0 0
Dissipation 0.0033078
End step 28
Begin step 29
Stress 1.03697e-12 99.8781 6.51258e-12 99.8781 -8.35633e-13 4.48174e-12 6.51258e-12 4.48174e-12 6.04546e-14
Strain 0 0.000966667 0 0.000966667 0 0 0 0 0
Strain mean 4.02137e-19 0.000966667 3.25629e-17 0.000966667 1.68519e-34 2.24087e-17 3.25629e-17 2.24087e-17 8.72687e-34
Plastic strain_mean -4.48044e-18 0.000467276 0 0.000467276 4.48044e-18 0 0 0 0
Plastic strain_rate_mean 0 0 0 0 0 0 0 0 0
Dissipation 0.00330875
End step 29
Begin step 30
Stress -6.80151e-13 99.9036 1.40532e-14 99.9036 6.32857e-13 8.40241e-13 1.40532e-14 8.40241e-13 -1.4201e-14
Strain 0 0.001 0 0.001 0 0 0 0 0
Strain mean -9.44633e-20 0.001 7.02658e-20 0.001 1.51968e-34 4.20121e-18 7.02658e-20 4.20121e-18 -4.96529e-35
Plastic strain_mean 3.23529e-18 0.000500482 0 0.000500482 -3.23529e-18 0 0 0 0
Plastic strain_rate_mean 0 0 0 0 0 0 0 0 0
Dissipation 0.00330972
End step 30
