Begin step 0
Stress 0 0 0 0 0 0 0 0 0
Strain 0 0 0 0 0 0 0 0 0
Strain mean 0 0 0 0 0 0 0 0 0
Plastic strain_mean 0 0 0 0 0 0 0 0 0
Plastic strain_rate_mean 0 0 0 0 0 0 0 0 0
Dissipation 0
End step 0
Begin step 1
Stress 161.434 -4.6312e-11 -1.06756e-11 -4.6312e-11 7.65554e-14 -1.39681e-12 -1.06756e-11 -1.39681e-12 1.38628e-13
Strain 0.00133333 0 0 0 0 0 0 0 0
Strain mean 0.00133333 5.70874e-15 1.01225e-15 5.70874e-15 -0.000514736 -6.53142e-18 1.01225e-15 -6.53142e-18 -0.000514736
Plastic strain_mean 2.94634e-06 5.92472e-15 1.06203e-15 5.92472e-15 -1.47317e-06 -1.71664e-20 1.06203e-15 -1.71664e-20 -1.47317e-06
Plastic strain_rate_mean 0 0 0 0 0 0 0 0 0
Dissipation 3.96368e-05
End step 1
Begin step 2
Stress 322.499 -8.54657e-11 6.88753e-11 -8.54657e-11 -2.90321e-12 5.33549e-11 6.88753e-11 5.33549e-11 3.12954e-12
Strain 0.00266667 0 0 0 0 0 0 0 0
Strain mean 0.00266667 5.47419e-15 1.37607e-15 5.47419e-15 -0.00102982 2.49137e-16 1.37607e-15 2.49137e-16 -0.00102982
Plastic strain_mean 8.94372e-06 5.87277e-15 1.05486e-15 5.87277e-15 -4.47186e-06 3.08091e-19 1.05486e-15 3.08091e-19 -4.47186e-06
Plastic strain_rate_mean 0 0 0 0 0 0 0 0 0
Dissipation 0.000161179
End step 2
Begin step 3
Stress 483.163 -1.37431e-10 -1.26287e-12 -1.37431e-10 5.20247e-13 1.10977e-11 -1.26287e-12 1.10977e-11 1.54719e-13
Strain 0.004 0 0 0 0 0 0 0 0
Strain mean 0.004 5.69557e-15 1.11336e-15 5.69557e-15 -0.00154528 5.1268e-17 1.11336e-15 5.1268e-17 -0.00154528
Plastic strain_mean 1.82336e-05 6.3365e-15 1.11924e-15 6.3365e-15 -9.11681e-06 -4.87994e-19 1.11924e-15 -4.87994e-19 -9.11681e-06
Plastic strain_rate_mean 0 0 0 0 0 0 0 0 0
Dissipation 0.000374045
End step 3
Begin step 4
Stress 643.374 -1.81705e-10 -1.05163e-11 -1.81705e-10 3.91418e-15 3.60307e-12 -1.05163e-11 3.60307e-12 -3.94168e-13
Strain 0.00533333 0 0 0 0 0 0 0 0
Strain mean 0.00533333 2.72002e-15 6.816e-16 2.72002e-15 -0.00206117 1.27227e-17 6.816e-16 1.27227e-17 -0.00206117
Plastic strain_mean 3.1265e-05 3.56743e-15 7.30645e-16 3.56743e-15 -1.56325e-05 -4.0808e-18 7.30645e-16 -4.0808e-18 -1.56325e-05
Plastic strain_rate_mean 0 0 0 0 0 0 0 0 0
Dissipation 0.000698672
End step 4
Begin step 5
Stress 803.029 -2.22634e-10 1.19239e-11 -2.22634e-10 -4.14965e-13 -1.50195e-12 1.19239e-11 -1.50195e-12 1.48189e-13
Strain 0.00666667 0 0 0 0 0 0 0 0
Strain mean 0.00666667 2.52244e-15 7.8588e-16 2.52244e-15 -0.00257758 -1.13367e-17 7.8588e-16 -1.13367e-17 -0.00257758
Plastic strain_mean 4.88764e-05 3.56073e-15 7.30271e-16 3.56073e-15 -2.44382e-05 -4.33215e-18 7.30271e-16 -4.33215e-18 -2.44382e-05
Plastic strain_rate_mean 0 0 0 0 0 0 0 0 0
Dissipation 0.00117854
End step 5
Begin step 6
Stress 961.909 -2.65116e-10 -1.12952e-11 -2.65116e-10 -7.28693e-13 1.70801e-11 -1.12952e-11 1.70801e-11 3.08806e-13
Strain 0.008 0 0 0 0 0 0 0 0
Strain mean 0.008 2.17659e-15 6.53348e-16 2.17659e-15 -0.00309472 7.30523e-17 6.53348e-16 7.30523e-17 -0.00309472
Plastic strain_mean 7.28729e-05 3.413e-15 7.06025e-16 3.413e-15 -3.64364e-05 -6.60339e-18 7.06025e-16 -6.60339e-18 -3.64364e-05
Plastic strain_rate_mean 0 0 0 0 0 0 0 0 0
Dissipation 0.00192354
End step 6
Begin step 7
Stress 1119.28 -3.13462e-10 1.22632e-11 -3.13462e-10 -1.46864e-12 1.51455e-11 1.22632e-11 1.51455e-11 1.00499e-12
Strain 0.00933333 0 0 0 0 0 0 0 0
Strain mean 0.00933333 1.98049e-15 7.71943e-16 1.98049e-15 -0.00361329 6.02229e-17 7.71943e-16 6.02229e-17 -0.00361329
Plastic strain_mean 0.000109348 3.44237e-15 7.14752e-16 3.44237e-15 -5.46741e-05 -1.04105e-17 7.14752e-16 -1.04105e-17 -5.46741e-05
Plastic strain_rate_mean 0 0 0 0 0 0 0 0 0
Dissipation 0.00340216
End step 7
Begin step 8
Stress 1202.86 -3.34914e-10 -1.96196e-13 -3.34914e-10 -4.56749e-13 1.92461e-13 -1.96196e-13 1.92461e-13 -4.51742e-13
Strain 0.0106667 0 0 0 0 0 0 0 0
Strain mean 0.0106667 -3.33989e-12 1.77306e-11 -3.33989e-12 -0.00420129 -7.09484e-11 1.77306e-11 -7.09484e-11 -0.00420129
Plastic strain_mean 0.00075384 -3.33833e-12 1.77306e-11 -3.33833e-12 -0.00037692 -7.09484e-11 1.77306e-11 -7.09484e-11 -0.00037692
Plastic strain_rate_mean 0 0 0 0 0 0 0 0 0
Dissipation 0.0646029
End step 8
Begin step 9
Stress 1207.35 -3.3572e-10 3.45836e-15 -3.3572e-10 -2.09393e-13 1.27351e-13 3.45836e-15 1.27351e-13 2.24721e-13
Strain 0.012 0 0 0 0 0 0 0 0
Strain mean 0.012 -5.00564e-13 1.37871e-15 -5.00564e-13 -0.00486373 1.72251e-14 1.37871e-15 1.72251e-14 -0.00486373
Plastic strain_mean 0.00205016 -4.98998e-13 1.37869e-15 -4.98998e-13 -0.00102508 1.72245e-14 1.37869e-15 1.72245e-14 -0.00102508
Plastic strain_rate_mean 0 0 0 0 0 0 0 0 0
Dissipation 0.130426
End step 9
Begin step 10
Stress 1211.85 -3.36453e-10 3.84541e-13 -3.36453e-10 -6.3266e-13 1.57427e-13 3.84541e-13 1.57427e-13 2.36009e-13
Strain 0.0133333 0 0 0 0 0 0 0 0
Strain mean 0.0133333 2.33876e-12 -1.77278e-11 2.33876e-12 -0.00552617 7.09828e-11 -1.77278e-11 7.09828e-11 -0.00552617
Plastic strain_mean 0.00334647 2.34033e-12 -1.77278e-11 2.34033e-12 -0.00167324 7.09828e-11 -1.77278e-11 7.09828e-11 -0.00167324
Plastic strain_rate_mean 0 0 0 0 0 0 0 0 0
Dissipation 0.130911
End step 10
Begin step 11
Stress 1216.34 -3.37165e-10 9.89867e-13 -3.37165e-10 -7.29921e-13 1.73881e-13 9.89867e-13 1.73881e-13 5.81816e-13
Strain 0.0146667 0 0 0 0 0 0 0 0
Strain mean 0.0146667 5.17809e-12 -3.5457e-11 5.17809e-12 -0.00618861 1.41948e-10 -3.5457e-11 1.41948e-10 -0.00618861
Plastic strain_mean 0.00464279 5.17966e-12 -3.5457e-11 5.17966e-12 -0.0023214 1.41948e-10 -3.5457e-11 1.41948e-10 -0.0023214
Plastic strain_rate_mean 0 0 0 0 0 0 0 0 0
Dissipation 0.131397
End step 11
Begin step 12
Stress 1220.83 -3.38023e-10 1.70895e-12 -3.38023e-10 -1.28884e-12 2.10187e-13 1.70895e-12 2.10187e-13 4.88406e-13
Strain 0.016 0 0 0 0 0 0 0 0
Strain mean 0.016 8.01742e-12 -5.31862e-11 8.01742e-12 -0.00685105 2.12914e-10 -5.31862e-11 2.12914e-10 -0.00685105
Plastic strain_mean 0.00593911 8.01899e-12 -5.31862e-11 8.01899e-12 -0.00296955 2.12914e-10 -5.31862e-11 2.12914e-10 -0.00296955
Plastic strain_rate_mean 0 0 0 0 0 0 0 0 0
Dissipation 0.131882
End step 12
Begin step 13
Stress 1225.32 -3.38582e-10 2.11655e-12 -3.38582e-10 -1.4251e-12 1.70769e-13 2.11655e-12 1.70769e-13 7.94292e-13
Strain 0.0173333 0 0 0 0 0 0 0 0
Strain mean 0.0173333 1.08567e-11 -7.09154e-11 1.08567e-11 -0.00751349 2.8388e-10 -7.09154e-11 2.8388e-10 -0.00751349
Plastic strain_mean 0.00723542 1.08583e-11 -7.09155e-11 1.08583e-11 -0.00361771 2.8388e-10 -7.09155e-11 2.8388e-10 -0.00361771
Plastic strain_rate_mean 0 0 0 0 0 0 0 0 0
Dissipation 0.132367
End step 13
Begin step 14
Stress 1229.81 -3.39742e-10 2.41776e-12 -3.39742e-10 -1.72365e-12 1.41285e-13 2.41776e-12 1.41285e-13 9.45165e-13
Strain 0.0186667 0 0 0 0 0 0 0 0
Strain mean 0.0186667 1.36961e-11 -8.86447e-11 1.36961e-11 -0.00817592 3.54845e-10 -8.86447e-11 3.54845e-10 -0.00817592
Plastic strain_mean 0.00853174 1.36977e-11 -8.86447e-11 1.36977e-11 -0.00426587 3.54845e-10 -8.86447e-11 3.54845e-10 -0.00426587
Plastic strain_rate_mean 0 0 0 0 0 0 0 0 0
Dissipation 0.132852
End step 14
Begin step 15
Stress 1234.3 -3.40403e-10 2.72827e-12 -3.40403e-10 -2.12983e-12 9.92361e-14 2.72827e-12 9.92361e-14 9.42502e-13
Strain 0.02 0 0 0 0 0 0 0 0
Strain mean 0.02 1.65354e-11 -1.06374e-10 1.65354e-11 -0.00883836 4.25811e-10 -1.06374e-10 4.25811e-10 -0.00883836
Plastic strain_mean 0.00982806 1.6537e-11 -1.06374e-10 1.6537e-11 -0.00491403 4.25811e-10 -1.06374e-10 4.25811e-10 -0.00491403
Plastic strain_rate_mean 0 0 0 0 0 0 0 0 0
Dissipation 0.133337
End step 15
