Begin step 0
Stress 0 0 0 0 0 0 0 0 0
Strain 0 0 0 0 0 0 0 0 0
Strain mean 0 0 0 0 0 0 0 0 0
Plastic strain_mean 0 0 0 0 0 0 0 0 0
Plastic strain_rate_mean 0 0 0 0 0 0 0 0 0
Dissipation 0
End step 0
Begin step 1
Stress -1.89095e-14 6.64528 6.37744e-12 6.64528 1.9584e-14 -2.93652e-12 6.37744e-12 -2.93652e-12 2.02513e-16
Strain 0 3.33333e-05 0 3.33333e-05 0 0 0 0 0
Strain mean 1.34709e-21 3.33333e-05 3.18872e-17 3.33333e-05 5.12929e-33 -1.46826e-17 3.18872e-17 -1.46826e-17 8.48613e-33
Plastic strain_mean 9.69074e-20 1.0692e-07 0 1.0692e-07 -9.69074e-20 0 0 0 0
Plastic strain_rate_mean 0 0 0 0 0 0 0 0 0
Dissipation 7.10512e-07
End step 1
Begin step 2
Stress -5.40124e-14 13.2691 4.32038e-13 13.2691 4.86223e-14 -8.87231e-13 4.32038e-13 -8.87231e-13 -1.61846e-15
Strain 0 6.66667e-05 0 6.66667e-05 0 0 0 0 0
Strain mean -1.07658e-20 6.66667e-05 2.16019e-18 6.66667e-05 -8.71062e-32 -4.43615e-18 2.16019e-18 -4.43615e-18 -1.42037e-33
Plastic strain_mean 2.51204e-19 3.21395e-07 0 3.21395e-07 -2.51204e-19 0 0 0 0
Plastic strain_rate_mean 0 0 0 0 0 0 0 0 0
Dissipation 2.84586e-06
End step 2
Begin step 3
Stress -1.03182e-13 19.871 7.21055e-13 19.871 1.07399e-13 -1.55622e-12 7.21055e-13 -1.55622e-12 1.26639e-15
Strain 0 0.0001 0 0.0001 0 0 0 0 0
Strain mean 8.42385e-21 0.0001 3.60527e-18 0.0001 -1.30855e-31 -7.78112e-18 3.60527e-18 -7.78112e-18 -2.16366e-33
Plastic strain_mean 5.30665e-19 6.45072e-07 0 6.45072e-07 -5.30665e-19 0 0 0 0
Plastic strain_rate_mean 0 0 0 0 0 0 0 0 0
Dissipation 6.43169e-06
End step 3
Begin step 4
Stress -1.01897e-13 26.4505 8.26848e-13 26.4505 1.06402e-13 -2.03234e-12 8.26848e-13 -2.03234e-12 1.35263e-15
Strain 0 0.000133333 0 0.000133333 0 0 0 0 0
Strain mean 8.99755e-21 0.000133333 4.13424e-18 0.000133333 -1.60068e-32 -1.01617e-17 4.13424e-18 -1.01617e-17 3.1838e-33
Plastic strain_mean 5.25247e-19 1.0807e-06 0 1.0807e-06 -5.25247e-19 0 0 0 0
Plastic strain_rate_mean 0 0 0 0 0 0 0 0 0
Dissipation 1.15224e-05
End step 4
Begin step 5
Stress -1.08426e-13 33.0069 2.10343e-12 33.0069 1.12018e-13 -4.78719e-12 2.10343e-12 -4.78719e-12 1.07861e-15
Strain 0 0.000166667 0 0.000166667 0 0 0 0 0
Strain mean 7.1748e-21 0.000166667 1.05171e-17 0.000166667 9.91102e-33 -2.3936e-17 1.05171e-17 -2.3936e-17 7.05221e-33
Plastic strain_mean 5.54696e-19 1.63229e-06 0 1.63229e-06 -5.54696e-19 0 0 0 0
Plastic strain_rate_mean 0 0 0 0 0 0 0 0 0
Dissipation 1.82059e-05
End step 5
Begin step 6
Stress -1.11495e-13 39.5389 5.18053e-12 39.5389 1.24816e-13 -2.55783e-12 5.18053e-12 -2.55783e-12 4.00003e-15
Strain 0 0.0002 0 0.0002 0 0 0 0 0
Strain mean 2.66078e-20 0.0002 2.59026e-17 0.0002 -1.87778e-32 -1.27892e-17 2.59026e-17 -1.27892e-17 1.32709e-33
Plastic strain_mean 6.04081e-19 2.30537e-06 0 2.30537e-06 -6.04081e-19 0 0 0 0
Plastic strain_rate_mean 0 0 0 0 0 0 0 0 0
Dissipation 2.66125e-05
End step 6
Begin step 7
Stress -1.20821e-13 46.0452 6.63882e-13 46.0452 1.06648e-13 2.40217e-13 6.63882e-13 2.40217e-13 -4.25549e-15
Strain 0 0.000233333 0 0.000233333 0 0 0 0 0
Strain mean -2.83071e-20 0.000233333 3.31941e-18 0.000233333 -3.84464e-32 1.20109e-18 3.31941e-18 1.20109e-18 -1.88907e-33
Plastic strain_mean 5.54519e-19 3.10741e-06 0 3.10741e-06 -5.54519e-19 0 0 0 0
Plastic strain_rate_mean 0 0 0 0 0 0 0 0 0
Dissipation 3.69291e-05
End step 7
Begin step 8
Stress -8.97111e-14 52.5237 8.15012e-13 52.5237 9.44885e-14 9.40915e-13 8.15012e-13 9.40915e-13 1.43451e-15
Strain 0 0.000266667 0 0.000266667 0 0 0 0 0
Strain mean 9.54219e-21 0.000266667 4.07506e-18 0.000266667 1.85973e-33 4.70457e-18 4.07506e-18 4.70457e-18 -3.52084e-33
Plastic strain_mean 4.6527e-19 4.04841e-06 0 4.04841e-06 -4.6527e-19 0 0 0 0
Plastic strain_rate_mean 0 0 0 0 0 0 0 0 0
Dissipation 4.94233e-05
End step 8
Begin step 9
Stress -1.26897e-13 58.9716 -5.11109e-12 58.9716 7.43666e-14 2.66372e-12 -5.11109e-12 2.66372e-12 -1.57731e-14
Strain 0 0.0003 0 0.0003 0 0 0 0 0
Strain mean -1.04921e-19 0.0003 -2.55554e-17 0.0003 4.57408e-33 1.33186e-17 -2.55554e-17 1.33186e-17 -4.12269e-34
Plastic strain_mean 4.50698e-19 5.14194e-06 0 5.14194e-06 -4.50698e-19 0 0 0 0
Plastic strain_rate_mean 0 0 0 0 0 0 0 0 0
Dissipation 6.44852e-05
End step 9
Begin step 10
Stress -1.16817e-13 65.3853 -9.52514e-13 65.3853 1.07902e-13 6.91903e-13 -9.52514e-13 6.91903e-13 -2.67688e-15
Strain 0 0.000333333 0 0.000333333 0 0 0 0 0
Strain mean -1.78063e-20 0.000333333 -4.76257e-18 0.000333333 1.96866e-32 3.45952e-18 -4.76257e-18 3.45952e-18 -1.18151e-33
Plastic strain_mean 5.52894e-19 6.40686e-06 0 6.40686e-06 -5.52894e-19 0 0 0 0
Plastic strain_rate_mean 0 0 0 0 0 0 0 0 0
Dissipation 8.27037e-05
End step 10
Begin step 11
Stress -1.13025e-13 71.7593 1.05255e-11 71.7593 1.32549e-13 -4.66786e-12 1.05255e-11 -4.66786e-12 5.86249e-15
Strain 0 0.000366667 0 0.000366667 0 0 0 0 0
Strain mean 3.89966e-20 0.000366667 5.26275e-17 0.000366667 -2.85278e-32 -2.33393e-17 5.26275e-17 -2.33393e-17 1.0063e-32
Plastic strain_mean 6.33434e-19 7.87041e-06 0 7.87041e-06 -6.33434e-19 0 0 0 0
Plastic strain_rate_mean 0 0 0 0 0 0 0 0 0
Dissipation 0.000105019
End step 11
Begin step 12
Stress -8.52206e-14 78.0851 2.16031e-12 78.0851 1.30683e-13 -3.84469e-12 2.16031e-12 -3.84469e-12 1.36508e-14
Strain 0 0.0004 0 0.0004 0 0 0 0 0
Strain mean 9.08033e-20 0.0004 1.08016e-17 0.0004 -2.21e-32 -1.92234e-17 1.08016e-17 -1.92234e-17 -3.98427e-33
Plastic strain_mean 5.8516e-19 9.57463e-06 0 9.57463e-06 -5.8516e-19 0 0 0 0
Plastic strain_rate_mean 0 0 0 0 0 0 0 0 0
Dissipation 0.000133067
End step 12
Begin step 13
Stress -2.40227e-13 84.3484 -1.75219e-13 84.3484 2.39645e-13 5.1126e-12 -1.75219e-13 5.1126e-12 -1.74674e-16
Strain 0 0.000433333 0 0.000433333 0 0 0 0 0
Strain mean -1.16191e-21 0.000433333 -8.76096e-19 0.000433333 3.85186e-32 2.5563e-17 -8.76096e-19 2.5563e-17 5.27223e-33
Plastic strain_mean 1.1991e-18 1.15914e-05 0 1.15914e-05 -1.1991e-18 0 0 0 0
Plastic strain_rate_mean 0 0 0 0 0 0 0 0 0
Dissipation 0.000170102
End step 13
Begin step 14
Stress -1.95763e-13 90.5194 3.38328e-12 90.5194 1.76973e-13 -6.51865e-13 3.38328e-12 -6.51865e-13 -5.64197e-15
Strain 0 0.000466667 0 0.000466667 0 0 0 0 0
Strain mean -3.75297e-20 0.000466667 1.69164e-17 0.000466667 1.01111e-33 -3.25933e-18 1.69164e-17 -3.25933e-18 2.60903e-33
Plastic strain_mean 9.13075e-19 1.40696e-05 0 1.40696e-05 -9.13075e-19 0 0 0 0
Plastic strain_rate_mean 0 0 0 0 0 0 0 0 0
Dissipation 0.000224308
End step 14
Begin step 15
Stress 3.78019e-13 96.4988 8.2956e-13 96.4988 -4.05273e-13 -3.12425e-12 8.2956e-13 -3.12425e-12 -8.18347e-15
Strain 0 0.0005 0 0.0005 0 0 0 0 0
Strain mean -5.44355e-20 0.0005 4.1478e-18 0.0005 1.55254e-31 -1.56212e-17 4.1478e-18 -1.56212e-17 3.00927e-36
Plastic strain_mean -1.98545e-18 1.75061e-05 0 1.75061e-05 1.98545e-18 0 0 0 0
Plastic strain_rate_mean 0 0 0 0 0 0 0 0 0
Dissipation 0.000331582
End step 15
Begin step 16
Stress -3.06995e-12 100.013 -2.62789e-12 100.013 3.06629e-12 -1.15404e-13 -2.62789e-12 -1.15404e-13 -1.10045e-15
Strain 0 0.000533333 0 0.000533333 0 0 0 0 0
Strain mean -7.32004e-21 0.000533333 -1.31394e-17 0.000533333 1.4625e-33 -5.7702e-19 -1.31394e-17 -5.7702e-19 5.4637e-35
Plastic strain_mean 1.53369e-17 3.32708e-05 0 3.32708e-05 -1.53369e-17 0 0 0 0
Plastic strain_rate_mean 0 0 0 0 0 0 0 0 0
Dissipation 0.00157633
End step 16
Begin step 17
Stress -5.04469e-14 100.031 -8.97215e-12 100.031 4.7771e-14 6.71847e-12 -8.97215e-12 6.71847e-12 -8.035e-16
Strain 0 0.000566667 0 0.000566667 0 0 0 0 0
Strain mean -5.34479e-21 0.000566667 -4.48607e-17 0.000566667 -1.52269e-33 3.35923e-17 -4.48607e-17 3.35923e-17 -1.08625e-33
Plastic strain_mean 2.42872e-19 6.65095e-05 0 6.65095e-05 -2.42872e-19 0 0 0 0
Plastic strain_rate_mean 0 0 0 0 0 0 0 0 0
Dissipation 0.00332449
End step 17
Begin step 18
Stress -4.51648e-12 100.05 -9.62048e-12 100.05 4.56974e-12 4.82593e-13 -9.62048e-12 4.82593e-13 1.59914e-14
Strain 0 0.0006 0 0.0006 0 0 0 0 0
Strain mean 1.06373e-19 0.0006 -4.81024e-17 0.0006 1.44445e-34 2.41297e-18 -4.81024e-17 2.41297e-18 -1.43993e-33
Plastic strain_mean 2.27687e-17 9.97484e-05 0 9.97484e-05 -2.27687e-17 0 0 0 0
Plastic strain_rate_mean 0 0 0 0 0 0 0 0 0
Dissipation 0.003325
End step 18
Begin step 19
Stress -2.33983e-12 100.069 -5.4037e-12 100.069 2.35432e-12 -6.77747e-13 -5.4037e-12 -6.77747e-13 4.34938e-15
Strain 0 0.000633333 0 0.000633333 0 0 0 0 0
Strain mean 2.89316e-20 0.000633333 -2.70185e-17 0.000633333 -2.0463e-34 -3.38873e-18 -2.70185e-17 -3.38873e-18 -3.4757e-34
Plastic strain_mean 1.17498e-17 0.000132986 0 0.000132986 -1.17498e-17 0 0 0 0
Plastic strain_rate_mean 0 0 0 0 0 0 0 0 0
Dissipation 0.00332542
End step 19
Begin step 20
Stress -1.37295e-12 100.089 -3.25495e-12 100.089 1.33661e-12 -5.89069e-13 -3.25495e-12 -5.89069e-13 -1.09128e-14
Strain 0 0.000666667 0 0.000666667 0 0 0 0 0
Strain mean -7.25904e-20 0.000666667 -1.62748e-17 0.000666667 3.21991e-33 -2.94534e-18 -1.62748e-17 -2.94534e-18 1.04572e-34
Plastic strain_mean 6.73762e-18 0.000166223 0 0.000166223 -6.73762e-18 0 0 0 0
Plastic strain_rate_mean 0 0 0 0 0 0 0 0 0
Dissipation 0.00332586
End step 20
Begin step 21
Stress -8.15533e-13 100.108 -7.04744e-12 100.108 8.26673e-13 1.38384e-12 -7.04744e-12 1.38384e-12 3.34501e-15
Strain 0 0.0007 0 0.0007 0 0 0 0 0
Strain mean 2.22506e-20 0.0007 -3.52372e-17 0.0007 -1.29398e-34 6.91918e-18 -3.52372e-17 6.91918e-18 -4.16482e-33
Plastic strain_mean 4.11664e-18 0.00019946 0 0.00019946 -4.11664e-18 0 0 0 0
Plastic strain_rate_mean 0 0 0 0 0 0 0 0 0
Dissipation 0.00332633
End step 21
Begin step 22
Stress -5.87649e-13 100.128 -4.61895e-12 100.128 5.48906e-13 9.26502e-13 -4.61895e-12 9.26502e-13 -1.16333e-14
Strain 0 0.000733333 0 0.000733333 0 0 0 0 0
Strain mean -7.73833e-20 0.000733333 -2.30947e-17 0.000733333 7.04168e-34 4.63251e-18 -2.30947e-17 4.63251e-18 -2.97729e-33
Plastic strain_mean 2.8027e-18 0.000232695 0 0.000232695 -2.8027e-18 0 0 0 0
Plastic strain_rate_mean 0 0 0 0 0 0 0 0 0
Dissipation 0.00332682
End step 22
Begin step 23
Stress -2.12437e-12 100.147 -5.37879e-12 100.147 2.15097e-12 2.03096e-12 -5.37879e-12 2.03096e-12 7.98696e-15
Strain 0 0.000766667 0 0.000766667 0 0 0 0 0
Strain mean 5.31284e-20 0.000766667 -2.68939e-17 0.000766667 4.57408e-32 1.01548e-17 -2.68939e-17 1.01548e-17 -1.625e-34
Plastic strain_mean 1.07149e-17 0.000265931 0 0.000265931 -1.07149e-17 0 0 0 0
Plastic strain_rate_mean 0 0 0 0 0 0 0 0 0
Dissipation 0.00332732
End step 23
Begin step 24
Stress -8.13241e-14 100.167 -2.70548e-12 100.167 1.6137e-13 8.64187e-13 -2.70548e-12 8.64187e-13 2.40351e-14
Strain 0 0.0008 0 0.0008 0 0 0 0 0
Strain mean 1.59879e-19 0.0008 -1.35274e-17 0.0008 -1.96415e-32 4.32094e-18 -1.35274e-17 4.32094e-18 -2.70834e-34
Plastic strain_mean 6.86675e-19 0.000299166 0 0.000299166 -6.86675e-19 0 0 0 0
Plastic strain_rate_mean 0 0 0 0 0 0 0 0 0
Dissipation 0.00332782
End step 24
Begin step 25
Stress -1.37482e-12 100.187 -1.74341e-12 100.187 1.37394e-12 2.18927e-12 -1.74341e-12 2.18927e-12 -2.62011e-16
Strain 0 0.000833333 0 0.000833333 0 0 0 0 0
Strain mean -1.74287e-21 0.000833333 -8.71704e-18 0.000833333 4.71853e-33 1.09463e-17 -8.71704e-18 1.09463e-17 2.40215e-33
Plastic strain_mean 6.87103e-18 0.0003324 0 0.0003324 -6.87103e-18 0 0 0 0
Plastic strain_rate_mean 0 0 0 0 0 0 0 0 0
Dissipation 0.00332834
End step 25
Begin step 26
Stress -9.79956e-13 100.206 -1.40961e-12 100.206 1.0977e-12 1.8909e-12 -1.40961e-12 1.8909e-12 3.5354e-14
Strain 0 0.000866667 0 0.000866667 0 0 0 0 0
Strain mean 2.35171e-19 0.000866667 -7.04806e-18 0.000866667 1.20371e-34 9.4545e-18 -7.04806e-18 9.4545e-18 1.82061e-33
Plastic strain_mean 5.31172e-18 0.000365634 0 0.000365634 -5.31172e-18 0 0 0 0
Plastic strain_rate_mean 0 0 0 0 0 0 0 0 0
Dissipation 0.00332887
End step 26
Begin step 27
Stress -1.10457e-12 100.226 -8.19998e-12 100.226 1.08787e-12 4.52138e-12 -8.19998e-12 4.52138e-12 -5.01314e-15
Strain 0 0.0009 0 0.0009 0 0 0 0 0
Strain mean -3.33468e-20 0.0009 -4.09999e-17 0.0009 2.54704e-32 2.26069e-17 -4.09999e-17 2.26069e-17 -1.56482e-34
Plastic strain_mean 5.46444e-18 0.000398868 0 0.000398868 -5.46444e-18 0 0 0 0
Plastic strain_rate_mean 0 0 0 0 0 0 0 0 0
Dissipation 0.0033294
End step 27
Begin step 28
Stress 5.25614e-13 100.246 2.33361e-12 100.246 -4.80952e-13 -1.49752e-12 2.33361e-12 -1.49752e-12 1.34106e-14
Strain 0 0.000933333 0 0.000933333 0 0 0 0 0
Strain mean 8.92057e-20 0.000933333 1.1668e-17 0.000933333 -7.84816e-33 -7.4876e-18 1.1668e-17 -7.4876e-18 -3.91205e-34
Plastic strain_mean -2.47181e-18 0.000432102 0 0.000432102 2.47181e-18 0 0 0 0
Plastic strain_rate_mean 0 0 0 0 0 0 0 0 0
Dissipation 0.00332994
End step 28
Begin step 29
Stress 1.82996e-12 100.266 -6.40395e-13 100.266 -1.84505e-12 5.85974e-13 -6.40395e-13 5.85974e-13 -4.52842e-15
Strain 0 0.000966667 0 0.000966667 0 0 0 0 0
Strain mean -3.01225e-20 0.000966667 -3.20198e-18 0.000966667 -4.38149e-32 2.92987e-18 -3.20198e-18 2.92987e-18 1.93195e-33
Plastic strain_mean -9.20258e-18 0.000465335 0 0.000465335 9.20258e-18 0 0 0 0
Plastic strain_rate_mean 0 0 0 0 0 0 0 0 0
Dissipation 0.00333048
End step 29
Begin step 30
Stress 8.35936e-13 100.286 -5.8238e-13 100.286 -9.06151e-13 5.24465e-13 -5.8238e-13 5.24465e-13 -2.10831e-14
Strain 0 0.001 0 0.001 0 0 0 0 0
Strain mean -1.40243e-19 0.001 -2.9119e-18 0.001 4.19371e-32 2.62233e-18 -2.9119e-18 2.62233e-18 9.5168e-34
Plastic strain_mean -4.42534e-18 0.000498569 0 0.000498569 4.42534e-18 0 0 0 0
Plastic strain_rate_mean 0 0 0 0 0 0 0 0 0
Dissipation 0.00333102
End step 30
