Begin step 0
Stress 0 0 0 0 0 0 0 0 0
Strain 0 0 0 0 0 0 0 0 0
Strain mean 0 0 0 0 0 0 0 0 0
Plastic strain_mean 0 0 0 0 0 0 0 0 0
Plastic strain_rate_mean 0 0 0 0 0 0 0 0 0
Dissipation 0
End step 0
Begin step 1
Stress 2.22937e-13 63.9611 -1.32041e-12 63.9611 -2.5158e-13 2.50777e-13 -1.32041e-12 2.50777e-13 -8.60051e-15
Strain 0 0.000333333 0 0.000333333 0 0 0 0 0
Strain mean -5.72096e-20 0.000333333 -6.60207e-18 0.000333333 1.87778e-32 1.25389e-18 -6.60207e-18 1.25389e-18 -7.62096e-33
Plastic strain_mean -1.2149e-18 1.35281e-05 0 1.35281e-05 1.2149e-18 0 0 0 0
Plastic strain_rate_mean 0 0 0 0 0 0 0 0 0
Dissipation 0.000865189
End step 1
Begin step 2
Stress -2.79447e-14 98.9746 -4.52134e-12 98.9746 1.64724e-13 4.6249e-12 -4.52134e-12 4.6249e-12 4.10702e-14
Strain 0 0.000666667 0 0.000666667 0 0 0 0 0
Strain mean 2.73194e-19 0.000666667 -2.26067e-17 0.000666667 -4.06251e-34 2.31245e-17 -2.26067e-17 2.31245e-17 4.81971e-33
Plastic strain_mean 6.18269e-19 0.000171794 0 0.000171794 -6.18269e-19 0 0 0 0
Plastic strain_rate_mean 0 0 0 0 0 0 0 0 0
Dissipation 0.0156534
End step 2
Begin step 3
Stress -3.43714e-14 101.058 -4.86777e-12 101.058 6.49203e-15 -9.99919e-13 -4.86777e-12 -9.99919e-13 -8.37125e-15
Strain 0 0.001 0 0.001 0 0 0 0 0
Strain mean -5.56846e-20 0.001 -2.43389e-17 0.001 -2.61054e-33 -4.9996e-18 -2.43389e-17 -4.9996e-18 2.6963e-33
Plastic strain_mean 7.43164e-20 0.00049471 0 0.00049471 -7.43164e-20 0 0 0 0
Plastic strain_rate_mean 0 0 0 0 0 0 0 0 0
Dissipation 0.0325974
End step 3
Begin step 4
Stress 7.78896e-13 101.319 9.92797e-13 101.319 -6.88786e-13 5.23609e-13 9.92797e-13 5.23609e-13 2.7057e-14
Strain 0 0.00133333 0 0.00133333 0 0 0 0 0
Strain mean 1.7998e-19 0.00133333 4.96398e-18 0.00133333 4.95927e-33 2.61804e-18 4.96398e-18 2.61804e-18 -1.67767e-33
Plastic strain_mean -3.57922e-18 0.000826737 0 0.000826737 3.57922e-18 0 0 0 0
Plastic strain_rate_mean 0 0 0 0 0 0 0 0 0
Dissipation 0.0335904
End step 4
Begin step 5
Stress 1.36003e-12 101.528 -2.84588e-12 101.528 -1.33118e-12 -2.47665e-12 -2.84588e-12 -2.47665e-12 8.66383e-15
Strain 0 0.00166667 0 0.00166667 0 0 0 0 0
Strain mean 5.76308e-20 0.00166667 -1.42294e-17 0.00166667 -4.64149e-32 -1.23832e-17 -1.42294e-17 -1.23832e-17 5.85584e-34
Plastic strain_mean -6.69921e-18 0.00115902 0 0.00115902 6.69921e-18 0 0 0 0
Plastic strain_rate_mean 0 0 0 0 0 0 0 0 0
Dissipation 0.0336742
End step 5
Begin step 6
Stress 1.24599e-12 101.735 -1.09004e-12 101.735 -9.78685e-13 -1.22852e-12 -1.09004e-12 -1.22852e-12 8.02627e-14
Strain 0 0.002 0 0.002 0 0 0 0 0
Strain mean 5.33898e-19 0.002 -5.45022e-18 0.002 -6.20149e-32 -6.14261e-18 -5.45022e-18 -6.14261e-18 5.95082e-34
Plastic strain_mean -5.29474e-18 0.00149133 0 0.00149133 5.29474e-18 0 0 0 0
Plastic strain_rate_mean 0 0 0 0 0 0 0 0 0
Dissipation 0.0337332
End step 6
Begin step 7
Stress 2.25971e-12 101.94 -2.24896e-12 101.94 -2.02736e-12 -2.0384e-12 -2.24896e-12 -2.0384e-12 6.97648e-14
Strain 0 0.00233333 0 0.00233333 0 0 0 0 0
Strain mean 4.64067e-19 0.00233333 -1.12448e-17 0.00233333 4.02038e-33 -1.0192e-17 -1.12448e-17 -1.0192e-17 7.5984e-34
Plastic strain_mean -1.04856e-17 0.00182364 0 0.00182364 1.04856e-17 0 0 0 0
Plastic strain_rate_mean 0 0 0 0 0 0 0 0 0
Dissipation 0.0337914
End step 7
Begin step 8
Stress -2.53834e-12 102.144 1.56006e-12 102.144 2.34532e-12 2.16508e-12 1.56006e-12 2.16508e-12 -5.79568e-14
Strain 0 0.00266667 0 0.00266667 0 0 0 0 0
Strain mean -3.85522e-19 0.00266667 7.80029e-18 0.00266667 1.04963e-32 1.08254e-17 7.80029e-18 1.08254e-17 1.08033e-33
Plastic strain_mean 1.20164e-17 0.00215594 0 0.00215594 -1.20164e-17 0 0 0 0
Plastic strain_rate_mean 0 0 0 0 0 0 0 0 0
Dissipation 0.0338495
End step 8
Begin step 9
Stress -9.70939e-13 102.349 4.62855e-13 102.349 6.41941e-13 9.95727e-13 4.62855e-13 9.95727e-13 -9.87868e-14
Strain 0 0.003 0 0.003 0 0 0 0 0
Strain mean -6.57119e-19 0.003 2.31428e-18 0.003 6.63242e-33 4.97864e-18 2.31428e-18 4.97864e-18 1.35116e-33
Plastic strain_mean 3.70364e-18 0.00248826 0 0.00248826 -3.70364e-18 0 0 0 0
Plastic strain_rate_mean 0 0 0 0 0 0 0 0 0
Dissipation 0.0339078
End step 9
Begin step 10
Stress 8.14099e-13 102.554 7.51519e-13 102.554 -1.11334e-12 -7.33438e-13 7.51519e-13 -7.33438e-13 -8.98523e-14
Strain 0 0.00333333 0 0.00333333 0 0 0 0 0
Strain mean -5.97687e-19 0.00333333 3.7576e-18 0.00333333 6.66853e-33 -3.66719e-18 3.7576e-18 -3.66719e-18 -2.57894e-33
Plastic strain_mean -5.11744e-18 0.00282057 0 0.00282057 5.11744e-18 0 0 0 0
Plastic strain_rate_mean 0 0 0 0 0 0 0 0 0
Dissipation 0.0339661
End step 10
Begin step 11
Stress 1.68859e-13 102.758 2.58814e-12 102.758 -2.0068e-13 1.21806e-12 2.58814e-12 1.21806e-12 -9.55466e-15
Strain 0 0.00366667 0 0.00366667 0 0 0 0 0
Strain mean -6.35565e-20 0.00366667 1.29407e-17 0.00366667 1.33852e-32 6.0903e-18 1.29407e-17 6.0903e-18 -1.0713e-33
Plastic strain_mean -9.55626e-19 0.00315288 0 0.00315288 9.55626e-19 0 0 0 0
Plastic strain_rate_mean 0 0 0 0 0 0 0 0 0
Dissipation 0.0340245
End step 11
Begin step 12
Stress -1.23356e-12 102.963 -1.24407e-12 102.963 1.47201e-12 -1.86019e-13 -1.24407e-12 -1.86019e-13 7.15988e-14
Strain 0 0.004 0 0.004 0 0 0 0 0
Strain mean 4.76267e-19 0.004 -6.22036e-18 0.004 4.44732e-33 -9.30094e-19 -6.22036e-18 -9.30094e-19 1.52344e-34
Plastic strain_mean 7.00205e-18 0.00348518 0 0.00348518 -7.00205e-18 0 0 0 0
Plastic strain_rate_mean 0 0 0 0 0 0 0 0 0
Dissipation 0.034083
End step 12
Begin step 13
Stress 1.29561e-12 103.168 1.37605e-12 103.168 -1.36062e-12 3.72498e-13 1.37605e-12 3.72498e-13 -1.95198e-14
Strain 0 0.00433333 0 0.00433333 0 0 0 0 0
Strain mean -1.29844e-19 0.00433333 6.88026e-18 0.00433333 1.13148e-33 1.86249e-18 6.88026e-18 1.86249e-18 -2.47963e-33
Plastic strain_mean -6.7055e-18 0.00381749 0 0.00381749 6.7055e-18 0 0 0 0
Plastic strain_rate_mean 0 0 0 0 0 0 0 0 0
Dissipation 0.0341417
End step 13
Begin step 14
Stress 5.89876e-13 103.374 -4.64683e-12 103.374 -6.16771e-15 -2.02701e-12 -4.64683e-12 -2.02701e-12 1.75268e-13
Strain 0 0.00466667 0 0.00466667 0 0 0 0 0
Strain mean 1.16586e-18 0.00466667 -2.32342e-17 0.00466667 3.55816e-32 -1.01351e-17 -2.32342e-17 -1.01351e-17 8.22432e-33
Plastic strain_mean -9.07178e-19 0.0041498 0 0.0041498 9.07178e-19 0 0 0 0
Plastic strain_rate_mean 0 0 0 0 0 0 0 0 0
Dissipation 0.0342004
End step 14
Begin step 15
Stress -4.01134e-13 103.579 1.83876e-12 103.579 3.81181e-13 1.47205e-13 1.83876e-12 1.47205e-13 -5.99131e-15
Strain 0 0.005 0 0.005 0 0 0 0 0
Strain mean -3.98535e-20 0.005 9.19378e-18 0.005 3.97223e-34 7.36024e-19 9.19378e-18 7.36024e-19 -8.42594e-34
Plastic strain_mean 1.93586e-18 0.0044821 0 0.0044821 -1.93586e-18 0 0 0 0
Plastic strain_rate_mean 0 0 0 0 0 0 0 0 0
Dissipation 0.0342592
End step 15
Begin step 16
Stress -9.84348e-13 103.785 1.16537e-12 103.785 1.02445e-13 1.31492e-13 1.16537e-12 1.31492e-13 -2.64806e-13
Strain 0 0.00533333 0 0.00533333 0 0 0 0 0
Strain mean -1.76146e-18 0.00533333 5.82683e-18 0.00533333 -2.23889e-33 6.5746e-19 5.82683e-18 6.5746e-19 -7.25233e-34
Plastic strain_mean 1.83625e-18 0.00481441 0 0.00481441 -1.83625e-18 0 0 0 0
Plastic strain_rate_mean 0 0 0 0 0 0 0 0 0
Dissipation 0.0343181
End step 16
Begin step 17
Stress -2.23768e-13 103.991 9.34514e-13 103.991 2.04222e-13 8.26028e-14 9.34514e-13 8.26028e-14 -5.86904e-15
Strain 0 0.00566667 0 0.00566667 0 0 0 0 0
Strain mean -3.90402e-20 0.00566667 4.67257e-18 0.00566667 -7.28242e-34 4.13014e-19 4.67257e-18 4.13014e-19 -4.18288e-34
Plastic strain_mean 1.05046e-18 0.00514671 0 0.00514671 -1.05046e-18 0 0 0 0
Plastic strain_rate_mean 0 0 0 0 0 0 0 0 0
Dissipation 0.0343771
End step 17
Begin step 18
Stress -1.38569e-12 104.197 -7.08173e-12 104.197 1.63368e-12 -2.15989e-12 -7.08173e-12 -2.15989e-12 7.44635e-14
Strain 0 0.006 0 0.006 0 0 0 0 0
Strain mean 4.95323e-19 0.006 -3.54086e-17 0.006 8.24539e-34 -1.07995e-17 -3.54086e-17 -1.07995e-17 8.00465e-34
Plastic strain_mean 7.79609e-18 0.00547901 0 0.00547901 -7.79609e-18 0 0 0 0
Plastic strain_rate_mean 0 0 0 0 0 0 0 0 0
Dissipation 0.0344361
End step 18
Begin step 19
Stress -1.30839e-12 104.403 -5.50515e-12 104.403 1.25301e-12 -1.60496e-12 -5.50515e-12 -1.60496e-12 -1.6629e-14
Strain 0 0.00633333 0 0.00633333 0 0 0 0 0
Strain mean -1.10614e-19 0.00633333 -2.75257e-17 0.00633333 3.95417e-33 -8.02479e-18 -2.75257e-17 -8.02479e-18 -1.625e-34
Plastic strain_mean 6.34822e-18 0.00581132 0 0.00581132 -6.34822e-18 0 0 0 0
Plastic strain_rate_mean 0 0 0 0 0 0 0 0 0
Dissipation 0.0344952
End step 19
Begin step 20
Stress -8.1512e-13 104.61 -4.26478e-12 104.61 1.01692e-12 -1.19703e-12 -4.26478e-12 -1.19703e-12 6.05944e-14
Strain 0 0.00666667 0 0.00666667 0 0 0 0 0
Strain mean 4.03067e-19 0.00666667 -2.13239e-17 0.00666667 5.05557e-34 -5.98515e-18 -2.13239e-17 -5.98515e-18 1.68519e-34
Plastic strain_mean 4.78164e-18 0.00614362 0 0.00614362 -4.78164e-18 0 0 0 0
Plastic strain_rate_mean 0 0 0 0 0 0 0 0 0
Dissipation 0.0345542
End step 20
Begin step 21
Stress -9.53552e-13 104.816 -3.24524e-12 104.816 5.92646e-13 -9.12847e-13 -3.24524e-12 -9.12847e-13 -1.08368e-13
Strain 0 0.007 0 0.007 0 0 0 0 0
Strain mean -7.20849e-19 0.007 -1.62262e-17 0.007 -1.14352e-34 -4.56423e-18 -1.62262e-17 -4.56423e-18 7.76391e-34
Plastic strain_mean 3.50507e-18 0.00647592 0 0.00647592 -3.50507e-18 0 0 0 0
Plastic strain_rate_mean 0 0 0 0 0 0 0 0 0
Dissipation 0.0346134
End step 21
Begin step 22
Stress 1.40536e-12 105.023 -7.48076e-12 105.023 -1.34091e-12 -4.04049e-12 -7.48076e-12 -4.04049e-12 1.93539e-14
Strain 0 0.00733333 0 0.00733333 0 0 0 0 0
Strain mean 1.2874e-19 0.00733333 -3.74038e-17 0.00733333 -8.1852e-34 -2.02025e-17 -3.74038e-17 -2.02025e-17 -3.6367e-33
Plastic strain_mean -6.8013e-18 0.00680822 0 0.00680822 6.8013e-18 0 0 0 0
Plastic strain_rate_mean 0 0 0 0 0 0 0 0 0
Dissipation 0.0346725
End step 22
Begin step 23
Stress 1.02862e-12 105.23 -5.58882e-12 105.23 -1.26096e-12 -3.08341e-12 -5.58882e-12 -3.08341e-12 -6.97648e-14
Strain 0 0.00766667 0 0.00766667 0 0 0 0 0
Strain mean -4.64067e-19 0.00766667 -2.79441e-17 0.00766667 -6.28335e-33 -1.5417e-17 -2.79441e-17 -1.5417e-17 -3.68033e-33
Plastic strain_mean -5.95598e-18 0.00714052 0 0.00714052 5.95598e-18 0 0 0 0
Plastic strain_rate_mean 0 0 0 0 0 0 0 0 0
Dissipation 0.0347317
End step 23
Begin step 24
Stress 1.02495e-13 105.437 -1.44769e-12 105.437 -8.4455e-13 -2.73918e-13 -1.44769e-12 -2.73918e-13 -2.22814e-13
Strain 0 0.008 0 0.008 0 0 0 0 0
Strain mean -1.48213e-18 0.008 -7.23843e-18 0.008 -4.96408e-32 -1.36959e-18 -7.23843e-18 -1.36959e-18 -2.17763e-33
Plastic strain_mean -3.10868e-18 0.00747282 0 0.00747282 3.10868e-18 0 0 0 0
Plastic strain_rate_mean 0 0 0 0 0 0 0 0 0
Dissipation 0.0347909
End step 24
Begin step 25
Stress -2.65691e-12 105.644 -9.50649e-13 105.644 1.59048e-12 5.45677e-13 -9.50649e-13 5.45677e-13 -3.20212e-13
Strain 0 0.00833333 0 0.00833333 0 0 0 0 0
Strain mean -2.13001e-18 0.00833333 -4.75324e-18 0.00833333 -1.29639e-32 2.72839e-18 -4.75324e-18 2.72839e-18 6.07872e-34
Plastic strain_mean 9.55347e-18 0.00780512 0 0.00780512 -9.55347e-18 0 0 0 0
Plastic strain_rate_mean 0 0 0 0 0 0 0 0 0
Dissipation 0.0348502
End step 25
Begin step 26
Stress -1.58114e-12 105.851 -1.88939e-13 105.851 1.35869e-12 3.83481e-13 -1.88939e-13 3.83481e-13 -6.67953e-14
Strain 0 0.00866667 0 0.00866667 0 0 0 0 0
Strain mean -4.44315e-19 0.00866667 -9.44697e-19 0.00866667 1.68519e-33 1.91741e-18 -9.44697e-19 1.91741e-18 9.0278e-35
Plastic strain_mean 7.12742e-18 0.00813741 0 0.00813741 -7.12742e-18 0 0 0 0
Plastic strain_rate_mean 0 0 0 0 0 0 0 0 0
Dissipation 0.0349094
End step 26
Begin step 27
Stress -8.32162e-13 106.058 -1.28796e-13 106.058 1.75764e-12 4.54244e-13 -1.28796e-13 4.54244e-13 2.77889e-13
Strain 0 0.009 0 0.009 0 0 0 0 0
Strain mean 1.84848e-18 0.009 -6.43978e-19 0.009 -1.57204e-32 2.27122e-18 -6.43978e-19 2.27122e-18 9.44909e-34
Plastic strain_mean 7.39874e-18 0.00846971 0 0.00846971 -7.39874e-18 0 0 0 0
Plastic strain_rate_mean 0 0 0 0 0 0 0 0 0
Dissipation 0.0349687
End step 27
Begin step 28
Stress 2.48055e-13 106.265 2.00079e-13 106.265 -6.71321e-13 -3.34021e-14 2.00079e-13 -3.34021e-14 -1.27093e-13
Strain 0 0.00933333 0 0.00933333 0 0 0 0 0
Strain mean -8.45406e-19 0.00933333 1.0004e-18 0.00933333 7.15483e-32 -1.67011e-19 1.0004e-18 -1.67011e-19 2.15915e-34
Plastic strain_mean -2.72114e-18 0.00880201 0 0.00880201 2.72114e-18 0 0 0 0
Plastic strain_rate_mean 0 0 0 0 0 0 0 0 0
Dissipation 0.0350279
End step 28
Begin step 29
Stress -1.08578e-12 106.472 -5.6383e-13 106.472 1.29043e-12 3.32131e-13 -5.6383e-13 3.32131e-13 6.14503e-14
Strain 0 0.00966667 0 0.00966667 0 0 0 0 0
Strain mean 4.0876e-19 0.00966667 -2.81915e-18 0.00966667 -4.28519e-33 1.66066e-18 -2.81915e-18 1.66066e-18 1.20371e-34
Plastic strain_mean 6.1449e-18 0.0091343 0 0.0091343 -6.1449e-18 0 0 0 0
Plastic strain_rate_mean 0 0 0 0 0 0 0 0 0
Dissipation 0.0350872
End step 29
Begin step 30
Stress -6.17497e-13 106.68 1.13644e-13 106.68 8.35296e-13 2.4726e-13 1.13644e-13 2.4726e-13 6.53979e-14
Strain 0 0.01 0 0.01 0 0 0 0 0
Strain mean 4.35019e-19 0.01 5.6822e-19 0.01 5.96587e-34 1.2363e-18 5.6822e-19 1.2363e-18 4.96529e-34
Plastic strain_mean 3.84949e-18 0.0094666 0 0.0094666 -3.84949e-18 0 0 0 0
Plastic strain_rate_mean 0 0 0 0 0 0 0 0 0
Dissipation 0.0351465
End step 30
