Begin step 0
Stress 0 0 0 0 0 0 0 0 0
Strain 0 0 0 0 0 0 0 0 0
Strain mean 0 0 0 0 0 0 0 0 0
Plastic strain_mean 0 0 0 0 0 0 0 0 0
Plastic strain_rate_mean 0 0 0 0 0 0 0 0 0
Dissipation 0
End step 0
Begin step 1
Stress -6.26002e-15 66.3305 3.08993e-12 66.3305 6.55089e-15 -3.95023e-12 3.08993e-12 -3.95023e-12 8.7337e-17
Strain 0 0.000333333 0 0.000333333 0 0 0 0 0
Strain mean 5.80955e-22 0.000333333 1.54496e-17 0.000333333 3.51001e-31 -1.97511e-17 1.54496e-17 -1.97511e-17 -3.71945e-33
Plastic strain_mean 3.23177e-20 1.68074e-06 0 1.68074e-06 -3.23177e-20 0 0 0 0
Plastic strain_rate_mean 0 0 0 0 0 0 0 0 0
Dissipation 0.000111483
End step 1
Begin step 2
Stress -2.13659e-12 104.922 8.76812e-13 104.922 2.11318e-12 -1.9589e-13 8.76812e-13 -1.9589e-13 -7.03062e-15
Strain 0 0.000666667 0 0.000666667 0 0 0 0 0
Strain mean -4.67669e-20 0.000666667 4.38406e-18 0.000666667 2.21482e-32 -9.79451e-19 4.38406e-18 -9.79451e-19 -1.41172e-33
Plastic strain_mean 1.06011e-17 0.000142057 0 0.000142057 -1.06011e-17 0 0 0 0
Plastic strain_rate_mean 0 0 0 0 0 0 0 0 0
Dissipation 0.0147237
End step 2
Begin step 3
Stress 3.30769e-12 105.526 1.58242e-12 105.526 -3.30941e-12 -2.43371e-12 1.58242e-12 -2.43371e-12 -5.15288e-16
Strain 0 0.001 0 0.001 0 0 0 0 0
Strain mean -3.42764e-21 0.001 7.91212e-18 0.001 2.58195e-33 -1.21686e-17 7.91212e-18 -1.21686e-17 -5.60777e-33
Plastic strain_mean -1.65445e-17 0.000472371 0 0.000472371 1.65445e-17 0 0 0 0
Plastic strain_rate_mean 0 0 0 0 0 0 0 0 0
Dissipation 0.0348376
End step 3
Begin step 4
Stress -3.90943e-12 105.741 -4.19176e-12 105.741 3.83246e-12 3.71468e-12 -4.19176e-12 3.71468e-12 -2.31137e-14
Strain 0 0.00133333 0 0.00133333 0 0 0 0 0
Strain mean -1.5375e-19 0.00133333 -2.09588e-17 0.00133333 4.28519e-33 1.85734e-17 -2.09588e-17 1.85734e-17 9.419e-34
Plastic strain_mean 1.92779e-17 0.000804628 0 0.000804628 -1.92779e-17 0 0 0 0
Plastic strain_rate_mean 0 0 0 0 0 0 0 0 0
Dissipation 0.0351044
End step 4
Begin step 5
Stress -4.60735e-12 105.955 -7.35736e-12 105.955 4.46832e-12 -1.18182e-12 -7.35736e-12 -1.18182e-12 -4.17471e-14
Strain 0 0.00166667 0 0.00166667 0 0 0 0 0
Strain mean -2.77697e-19 0.00166667 -3.67868e-17 0.00166667 -5.20001e-33 -5.90911e-18 -3.67868e-17 -5.90911e-18 -1.80405e-33
Plastic strain_mean 2.25503e-17 0.00113689 0 0.00113689 -2.25503e-17 0 0 0 0
Plastic strain_rate_mean 0 0 0 0 0 0 0 0 0
Dissipation 0.0351666
End step 5
Begin step 6
Stress -1.06809e-12 106.17 -2.39967e-12 106.17 1.06669e-12 2.56247e-13 -2.39967e-12 2.56247e-13 -4.19217e-16
Strain 0 0.002 0 0.002 0 0 0 0 0
Strain mean -2.78859e-21 0.002 -1.19984e-17 0.002 4.11668e-32 1.28123e-18 -1.19984e-17 1.28123e-18 -2.23814e-34
Plastic strain_mean 5.33555e-18 0.00146915 0 0.00146915 -5.33555e-18 0 0 0 0
Plastic strain_rate_mean 0 0 0 0 0 0 0 0 0
Dissipation 0.0352281
End step 6
Begin step 7
Stress 4.7582e-14 106.384 -3.18072e-12 106.384 -1.21813e-15 2.26516e-12 -3.18072e-12 2.26516e-12 1.39215e-14
Strain 0 0.00233333 0 0.00233333 0 0 0 0 0
Strain mean 9.26043e-20 0.00233333 -1.59036e-17 0.00233333 8.12502e-35 1.13258e-17 -1.59036e-17 1.13258e-17 6.49437e-34
Plastic strain_mean -7.56982e-20 0.00180141 0 0.00180141 7.56982e-20 0 0 0 0
Plastic strain_rate_mean 0 0 0 0 0 0 0 0 0
Dissipation 0.0352897
End step 7
Begin step 8
Stress 1.73388e-12 106.6 2.60668e-12 106.6 -2.26931e-12 4.83135e-14 2.60668e-12 4.83135e-14 -1.6077e-13
Strain 0 0.00266667 0 0.00266667 0 0 0 0 0
Strain mean -1.06942e-18 0.00266667 1.30334e-17 0.00266667 1.20371e-32 2.41567e-19 1.30334e-17 2.41567e-19 8.20401e-34
Plastic strain_mean -1.05427e-17 0.00213367 0 0.00213367 1.05427e-17 0 0 0 0
Plastic strain_rate_mean 0 0 0 0 0 0 0 0 0
Dissipation 0.0353514
End step 8
Begin step 9
Stress 4.57862e-13 106.815 5.07833e-12 106.815 -6.79268e-13 6.04123e-13 5.07833e-12 6.04123e-13 -6.64809e-14
Strain 0 0.003 0 0.003 0 0 0 0 0
Strain mean -4.42223e-19 0.003 2.53917e-17 0.003 -7.92189e-34 3.02061e-18 2.53917e-17 3.02061e-18 3.54717e-34
Plastic strain_mean -3.06394e-18 0.00246593 0 0.00246593 3.06394e-18 0 0 0 0
Plastic strain_rate_mean 0 0 0 0 0 0 0 0 0
Dissipation 0.0354131
End step 9
Begin step 10
Stress -1.85866e-12 107.03 4.05333e-12 107.03 1.51236e-12 -9.58227e-13 4.05333e-12 -9.58227e-13 -1.03983e-13
Strain 0 0.00333333 0 0.00333333 0 0 0 0 0
Strain mean -6.91685e-19 0.00333333 2.02667e-17 0.00333333 1.33611e-33 -4.79114e-18 2.02667e-17 -4.79114e-18 -1.66412e-33
Plastic strain_mean 8.0817e-18 0.00279818 0 0.00279818 -8.0817e-18 0 0 0 0
Plastic strain_rate_mean 0 0 0 0 0 0 0 0 0
Dissipation 0.0354748
End step 10
Begin step 11
Stress 1.99524e-12 107.246 3.83949e-13 107.246 -1.89498e-12 5.27993e-14 3.83949e-13 5.27993e-14 3.0105e-14
Strain 0 0.00366667 0 0.00366667 0 0 0 0 0
Strain mean 2.00255e-19 0.00366667 1.91974e-18 0.00366667 -5.05557e-33 2.63996e-19 1.91974e-18 2.63996e-19 -1.6551e-35
Plastic strain_mean -9.62543e-18 0.00313044 0 0.00313044 9.62543e-18 0 0 0 0
Plastic strain_rate_mean 0 0 0 0 0 0 0 0 0
Dissipation 0.0355365
End step 11
Begin step 12
Stress 7.78223e-13 107.461 -4.12968e-12 107.461 -8.88286e-13 1.79438e-12 -4.12968e-12 1.79438e-12 -3.30483e-14
Strain 0 0.004 0 0.004 0 0 0 0 0
Strain mean -2.19834e-19 0.004 -2.06484e-17 0.004 -7.70071e-33 8.97192e-18 -2.06484e-17 8.97192e-18 -7.73381e-34
Plastic strain_mean -4.27619e-18 0.0034627 0 0.0034627 4.27619e-18 0 0 0 0
Plastic strain_rate_mean 0 0 0 0 0 0 0 0 0
Dissipation 0.0355982
End step 12
Begin step 13
Stress 1.09899e-12 107.676 -2.28005e-12 107.676 -1.52607e-12 1.10548e-12 -2.28005e-12 1.10548e-12 -1.28237e-13
Strain 0 0.00433333 0 0.00433333 0 0 0 0 0
Strain mean -8.53017e-19 0.00433333 -1.14002e-17 0.00433333 1.92593e-34 5.52741e-18 -1.14002e-17 5.52741e-18 -7.52316e-36
Plastic strain_mean -6.98916e-18 0.00379495 0 0.00379495 6.98916e-18 0 0 0 0
Plastic strain_rate_mean 0 0 0 0 0 0 0 0 0
Dissipation 0.03566
End step 13
Begin step 14
Stress 8.49655e-13 107.892 -1.31673e-12 107.892 -4.55475e-13 5.92375e-13 -1.31673e-12 5.92375e-13 1.18359e-13
Strain 0 0.00466667 0 0.00466667 0 0 0 0 0
Strain mean 7.87311e-19 0.00466667 -6.58363e-18 0.00466667 -2.66019e-33 2.96188e-18 -6.58363e-18 2.96188e-18 1.67767e-34
Plastic strain_mean -2.86917e-18 0.00412721 0 0.00412721 2.86917e-18 0 0 0 0
Plastic strain_rate_mean 0 0 0 0 0 0 0 0 0
Dissipation 0.0357217
End step 14
Begin step 15
Stress -2.74789e-12 108.107 -2.12153e-12 108.107 3.2291e-12 2.59646e-14 -2.12153e-12 2.59646e-14 1.4449e-13
Strain 0 0.005 0 0.005 0 0 0 0 0
Strain mean 9.61133e-19 0.005 -1.06077e-17 0.005 -1.80556e-35 1.29823e-19 -1.06077e-17 1.29823e-19 -7.01159e-34
Plastic strain_mean 1.54231e-17 0.00445946 0 0.00445946 -1.54231e-17 0 0 0 0
Plastic strain_rate_mean 0 0 0 0 0 0 0 0 0
Dissipation 0.0357834
End step 15
Begin step 16
Stress -2.40558e-12 108.323 -8.07447e-13 108.323 1.58109e-12 1.07968e-14 -8.07447e-13 1.07968e-14 -2.47565e-13
Strain 0 0.00533333 0 0.00533333 0 0 0 0 0
Strain mean -1.64678e-18 0.00533333 -4.03723e-18 0.00533333 3.22744e-34 5.39838e-20 -4.03723e-18 5.39838e-20 -3.67883e-34
Plastic strain_mean 9.14328e-18 0.00479172 0 0.00479172 -9.14328e-18 0 0 0 0
Plastic strain_rate_mean 0 0 0 0 0 0 0 0 0
Dissipation 0.0358451
End step 16
Begin step 17
Stress -1.13348e-12 108.538 -4.64114e-13 108.538 8.75625e-13 2.98868e-14 -4.64114e-13 2.98868e-14 -7.74242e-14
Strain 0 0.00566667 0 0.00566667 0 0 0 0 0
Strain mean -5.15017e-19 0.00566667 -2.32057e-18 0.00566667 -1.20521e-33 1.49434e-19 -2.32057e-18 1.49434e-19 -4.35403e-34
Plastic strain_mean 4.76525e-18 0.00512398 0 0.00512398 -4.76525e-18 0 0 0 0
Plastic strain_rate_mean 0 0 0 0 0 0 0 0 0
Dissipation 0.0359068
End step 17
Begin step 18
Stress -4.8945e-13 108.753 -4.59574e-14 108.753 -6.46473e-14 4.89769e-14 -4.59574e-14 4.89769e-14 -1.66377e-13
Strain 0 0.006 0 0.006 0 0 0 0 0
Strain mean -1.10672e-18 0.006 -2.29787e-19 0.006 -7.29371e-34 2.44884e-19 -2.29787e-19 2.44884e-19 -3.23496e-34
Plastic strain_mean 5.08648e-19 0.00545623 0 0.00545623 -5.08648e-19 0 0 0 0
Plastic strain_rate_mean 0 0 0 0 0 0 0 0 0
Dissipation 0.0359685
End step 18
Begin step 19
Stress -8.69568e-13 108.969 -6.49183e-13 108.969 1.23885e-12 1.43287e-14 -6.49183e-13 1.43287e-14 1.10883e-13
Strain 0 0.00633333 0 0.00633333 0 0 0 0 0
Strain mean 7.37581e-19 0.00633333 -3.24591e-18 0.00633333 3.09719e-34 7.16435e-20 -3.24591e-18 7.16435e-20 -1.50087e-34
Plastic strain_mean 5.63984e-18 0.00578849 0 0.00578849 -5.63984e-18 0 0 0 0
Plastic strain_rate_mean 0 0 0 0 0 0 0 0 0
Dissipation 0.0360303
End step 19
Begin step 20
Stress -3.01015e-12 109.184 -1.62389e-12 109.184 1.6578e-12 -2.03195e-14 -1.62389e-12 -2.03195e-14 -4.06064e-13
Strain 0 0.00666667 0 0.00666667 0 0 0 0 0
Strain mean -2.70109e-18 0.00666667 -8.11945e-18 0.00666667 -1.01036e-33 -1.01597e-19 -8.11945e-18 -1.01597e-19 -4.96529e-35
Plastic strain_mean 1.03193e-17 0.00612074 0 0.00612074 -1.03193e-17 0 0 0 0
Plastic strain_rate_mean 0 0 0 0 0 0 0 0 0
Dissipation 0.036092
End step 20
Begin step 21
Stress -3.06337e-12 109.4 -2.15253e-12 109.4 3.10386e-12 -5.49676e-14 -2.15253e-12 -5.49676e-14 1.21573e-14
Strain 0 0.007 0 0.007 0 0 0 0 0
Strain mean 8.0869e-20 0.007 -1.07626e-17 0.007 -4.77721e-34 -2.74838e-19 -1.07626e-17 -2.74838e-19 -3.6713e-34
Plastic strain_mean 1.54585e-17 0.006453 0 0.006453 -1.54585e-17 0 0 0 0
Plastic strain_rate_mean 0 0 0 0 0 0 0 0 0
Dissipation 0.0361537
End step 21
Begin step 22
Stress -4.08322e-12 109.615 -2.41307e-12 109.615 3.9934e-12 -8.96158e-14 -2.41307e-12 -8.96158e-14 -2.69697e-14
Strain 0 0.00733333 0 0.00733333 0 0 0 0 0
Strain mean -1.79399e-19 0.00733333 -1.20654e-17 0.00733333 -2.33068e-33 -4.48079e-19 -1.20654e-17 -4.48079e-19 9.44909e-34
Plastic strain_mean 2.01018e-17 0.00678526 0 0.00678526 -2.01018e-17 0 0 0 0
Plastic strain_rate_mean 0 0 0 0 0 0 0 0 0
Dissipation 0.0362154
End step 22
Begin step 23
Stress -5.05831e-12 109.831 -3.23923e-12 109.831 4.92568e-12 -1.24264e-13 -3.23923e-12 -1.24264e-13 -3.98256e-14
Strain 0 0.00766667 0 0.00766667 0 0 0 0 0
Strain mean -2.64916e-19 0.00766667 -1.61961e-17 0.00766667 1.30045e-32 -6.2132e-19 -1.61961e-17 -6.2132e-19 1.35417e-33
Plastic strain_mean 2.48275e-17 0.00711751 0 0.00711751 -2.48275e-17 0 0 0 0
Plastic strain_rate_mean 0 0 0 0 0 0 0 0 0
Dissipation 0.0362771
End step 23
Begin step 24
Stress -6.79868e-12 110.046 -3.96474e-12 110.046 5.53604e-12 -1.58912e-13 -3.96474e-12 -1.58912e-13 -3.7913e-13
Strain 0 0.008 0 0.008 0 0 0 0 0
Strain mean -2.52193e-18 0.008 -1.98237e-17 0.008 -7.31402e-33 -7.94561e-19 -1.98237e-17 -7.94561e-19 9.56946e-34
Plastic strain_mean 2.95758e-17 0.00744977 0 0.00744977 -2.95758e-17 0 0 0 0
Plastic strain_rate_mean 0 0 0 0 0 0 0 0 0
Dissipation 0.0363388
End step 24
Begin step 25
Stress -7.57555e-12 110.262 -4.25657e-12 110.262 6.58557e-12 -1.9356e-13 -4.25657e-12 -1.9356e-13 -2.9726e-13
Strain 0 0.00833333 0 0.00833333 0 0 0 0 0
Strain mean -1.97734e-18 0.00833333 -2.12828e-17 0.00833333 5.7176e-33 -9.67801e-19 -2.12828e-17 -9.67801e-19 1.8176e-33
Plastic strain_mean 3.44141e-17 0.00778203 0 0.00778203 -3.44141e-17 0 0 0 0
Plastic strain_rate_mean 0 0 0 0 0 0 0 0 0
Dissipation 0.0364005
End step 25
Begin step 26
Stress -8.11106e-12 110.477 -4.85839e-12 110.477 7.69541e-12 -2.28208e-13 -4.85839e-12 -2.28208e-13 -1.24805e-13
Strain 0 0.00866667 0 0.00866667 0 0 0 0 0
Strain mean -8.30185e-19 0.00866667 -2.42919e-17 0.00866667 -2.55788e-34 -1.14104e-18 -2.42919e-17 -1.14104e-18 3.63519e-33
Plastic strain_mean 3.91011e-17 0.00811428 0 0.00811428 -3.91011e-17 0 0 0 0
Plastic strain_rate_mean 0 0 0 0 0 0 0 0 0
Dissipation 0.0364623
End step 26
Begin step 27
Stress -8.29961e-12 110.692 -5.43661e-12 110.692 8.94958e-12 -2.62857e-13 -5.43661e-12 -2.62857e-13 1.95163e-13
Strain 0 0.009 0 0.009 0 0 0 0 0
Strain mean 1.2982e-18 0.009 -2.7183e-17 0.009 1.66111e-33 -1.31428e-18 -2.7183e-17 -1.31428e-18 1.96204e-33
Plastic strain_mean 4.37721e-17 0.00844654 0 0.00844654 -4.37721e-17 0 0 0 0
Plastic strain_rate_mean 0 0 0 0 0 0 0 0 0
Dissipation 0.036524
End step 27
Begin step 28
Stress -7.05052e-12 110.908 -7.33253e-13 110.908 5.34041e-12 5.42351e-14 -7.33253e-13 5.42351e-14 -5.13489e-13
Strain 0 0.00933333 0 0.00933333 0 0 0 0 0
Strain mean -3.41567e-18 0.00933333 -3.66626e-18 0.00933333 -2.64815e-33 2.71176e-19 -3.66626e-18 2.71176e-19 2.74746e-33
Plastic strain_mean 2.92695e-17 0.00877879 0 0.00877879 -2.92695e-17 0 0 0 0
Plastic strain_rate_mean 0 0 0 0 0 0 0 0 0
Dissipation 0.0365857
End step 28
Begin step 29
Stress -3.5966e-12 111.123 3.87805e-12 111.123 2.61929e-12 3.71327e-13 3.87805e-12 3.71327e-13 -2.93452e-13
Strain 0 0.00966667 0 0.00966667 0 0 0 0 0
Strain mean -1.95201e-18 0.00966667 1.93902e-17 0.00966667 -2.62408e-32 1.85663e-18 1.93902e-17 1.85663e-18 7.27039e-33
Plastic strain_mean 1.45637e-17 0.00911105 0 0.00911105 -1.45637e-17 0 0 0 0
Plastic strain_rate_mean 0 0 0 0 0 0 0 0 0
Dissipation 0.0366474
End step 29
Begin step 30
Stress 3.35382e-13 111.339 8.32006e-12 111.339 1.46988e-13 6.88419e-13 8.32006e-12 6.88419e-13 1.4484e-13
Strain 0 0.01 0 0.01 0 0 0 0 0
Strain mean 9.63456e-19 0.01 4.16003e-17 0.01 4.81001e-32 3.44209e-18 4.16003e-17 3.44209e-18 1.63704e-33
Plastic strain_mean 1.0743e-20 0.00944331 0 0.00944331 -1.0743e-20 0 0 0 0
Plastic strain_rate_mean 0 0 0 0 0 0 0 0 0
Dissipation 0.0367091
End step 30
