Begin step 0
Stress 0 0 0 0 0 0 0 0 0
Strain 0 0 0 0 0 0 0 0 0
Strain mean 0 0 0 0 0 0 0 0 0
Plastic strain_mean 0 0 0 0 0 0 0 0 0
Plastic strain_rate_mean 0 0 0 0 0 0 0 0 0
Dissipation 0
End step 0
Begin step 1
Stress 5.06945e-13 64.3929 2.85369e-13 64.3929 -5.10697e-13 -2.3841e-12 2.85369e-13 -2.3841e-12 -1.12665e-15
Strain 0 0.000333333 0 0.000333333 0 0 0 0 0
Strain mean -7.49432e-21 0.000333333 1.42685e-18 0.000333333 9.84632e-33 -1.19205e-17 1.42685e-18 -1.19205e-17 -3.41251e-33
Plastic strain_mean -2.54785e-18 1.13686e-05 0 1.13686e-05 2.54785e-18 0 0 0 0
Plastic strain_rate_mean 0 0 0 0 0 0 0 0 0
Dissipation 0.000732004
End step 1
Begin step 2
Stress -1.32141e-13 101.535 -2.61265e-12 101.535 1.30338e-13 9.16866e-13 -2.61265e-12 9.16866e-13 -5.41489e-16
Strain 0 0.000666667 0 0.000666667 0 0 0 0 0
Strain mean -3.60192e-21 0.000666667 -1.30632e-17 0.000666667 5.80788e-34 4.58433e-18 -1.30632e-17 4.58433e-18 1.02315e-33
Plastic strain_mean 6.54396e-19 0.000158993 0 0.000158993 -6.54396e-19 0 0 0 0
Plastic strain_rate_mean 0 0 0 0 0 0 0 0 0
Dissipation 0.0149795
End step 2
Begin step 3
Stress -4.76506e-14 103.849 -3.90767e-12 103.849 6.53933e-14 -7.95383e-13 -3.90767e-12 -7.95383e-13 5.32755e-15
Strain 0 0.001 0 0.001 0 0 0 0 0
Strain mean 3.54383e-20 0.001 -1.95383e-17 0.001 3.00927e-35 -3.97691e-18 -1.95383e-17 -3.97691e-18 1.4926e-33
Plastic strain_mean 3.00329e-19 0.000480754 0 0.000480754 -3.00329e-19 0 0 0 0
Plastic strain_rate_mean 0 0 0 0 0 0 0 0 0
Dissipation 0.0333798
End step 3
Begin step 4
Stress 1.43396e-14 104.123 -2.00391e-12 104.123 8.09478e-14 -4.85519e-12 -2.00391e-12 -4.85519e-12 2.86116e-14
Strain 0 0.00133333 0 0.00133333 0 0 0 0 0
Strain mean 1.90321e-19 0.00133333 -1.00196e-17 0.00133333 -3.50519e-32 -2.42759e-17 -1.00196e-17 -2.42759e-17 3.77324e-33
Plastic strain_mean 2.61681e-19 0.00081272 0 0.00081272 -2.61681e-19 0 0 0 0
Plastic strain_rate_mean 0 0 0 0 0 0 0 0 0
Dissipation 0.0345158
End step 4
Begin step 5
Stress 1.58288e-12 104.338 -2.75198e-12 104.338 -1.58067e-12 -2.47714e-12 -2.75198e-12 -2.47714e-12 6.63761e-16
Strain 0 0.00166667 0 0.00166667 0 0 0 0 0
Strain mean 4.41526e-21 0.00166667 -1.37599e-17 0.00166667 8.1852e-33 -1.23857e-17 -1.37599e-17 -1.23857e-17 9.9009e-34
Plastic strain_mean -7.90668e-18 0.00114498 0 0.00114498 7.90668e-18 0 0 0 0
Plastic strain_rate_mean 0 0 0 0 0 0 0 0 0
Dissipation 0.0346057
End step 5
Begin step 6
Stress 3.16602e-12 104.549 -3.21352e-12 104.549 -3.04014e-12 -3.18335e-12 -3.21352e-12 -3.18335e-12 3.77994e-14
Strain 0 0.002 0 0.002 0 0 0 0 0
Strain mean 2.51437e-19 0.002 -1.60676e-17 0.002 1.56602e-32 -1.59167e-17 -1.60676e-17 -1.59167e-17 8.12502e-35
Plastic strain_mean -1.53897e-17 0.00147726 0 0.00147726 1.53897e-17 0 0 0 0
Plastic strain_rate_mean 0 0 0 0 0 0 0 0 0
Dissipation 0.0346666
End step 6
Begin step 7
Stress 1.84295e-12 104.759 -1.75868e-12 104.759 -2.01165e-12 -1.89381e-12 -1.75868e-12 -1.89381e-12 -5.06554e-14
Strain 0 0.00233333 0 0.00233333 0 0 0 0 0
Strain mean -3.36954e-19 0.00233333 -8.79339e-18 0.00233333 -1.32408e-34 -9.46904e-18 -8.79339e-18 -9.46904e-18 6.80094e-34
Plastic strain_mean -9.80498e-18 0.00180954 0 0.00180954 9.80498e-18 0 0 0 0
Plastic strain_rate_mean 0 0 0 0 0 0 0 0 0
Dissipation 0.0347266
End step 7
Begin step 8
Stress 1.22815e-12 104.969 -9.90982e-13 104.969 -9.48278e-13 -9.29106e-13 -9.90982e-13 -9.29106e-13 8.40356e-14
Strain 0 0.00266667 0 0.00266667 0 0 0 0 0
Strain mean 5.58995e-19 0.00266667 -4.95491e-18 0.00266667 -3.80371e-33 -4.64553e-18 -4.95491e-18 -4.64553e-18 3.77663e-34
Plastic strain_mean -5.16157e-18 0.00214182 0 0.00214182 5.16157e-18 0 0 0 0
Plastic strain_rate_mean 0 0 0 0 0 0 0 0 0
Dissipation 0.0347865
End step 8
Begin step 9
Stress 1.83098e-12 105.179 1.05168e-12 105.179 -1.56699e-12 -1.36655e-12 1.05168e-12 -1.36655e-12 7.9267e-14
Strain 0 0.003 0 0.003 0 0 0 0 0
Strain mean 5.27275e-19 0.003 5.25841e-18 0.003 3.68334e-33 -6.83274e-18 5.25841e-18 -6.83274e-18 -2.70834e-33
Plastic strain_mean -8.2313e-18 0.0024741 0 0.0024741 8.2313e-18 0 0 0 0
Plastic strain_rate_mean 0 0 0 0 0 0 0 0 0
Dissipation 0.0348464
End step 9
Begin step 10
Stress 1.17476e-12 105.389 8.65937e-13 105.389 -1.64631e-12 -9.73175e-13 8.65937e-13 -9.73175e-13 -1.41591e-13
Strain 0 0.00333333 0 0.00333333 0 0 0 0 0
Strain mean -9.41845e-19 0.00333333 4.32969e-18 0.00333333 5.87409e-33 -4.86587e-18 4.32969e-18 -4.86587e-18 -2.6963e-33
Plastic strain_mean -7.52357e-18 0.00280639 0 0.00280639 7.52357e-18 0 0 0 0
Plastic strain_rate_mean 0 0 0 0 0 0 0 0 0
Dissipation 0.0349064
End step 10
Begin step 11
Stress -1.67194e-13 105.599 2.72266e-12 105.599 7.84816e-13 1.04538e-12 2.72266e-12 1.04538e-12 1.85451e-13
Strain 0 0.00366667 0 0.00366667 0 0 0 0 0
Strain mean 1.2336e-18 0.00366667 1.36133e-17 0.00366667 -2.06135e-32 5.22689e-18 1.36133e-17 5.22689e-18 -1.74838e-33
Plastic strain_mean 2.99683e-18 0.00313867 0 0.00313867 -2.99683e-18 0 0 0 0
Plastic strain_rate_mean 0 0 0 0 0 0 0 0 0
Dissipation 0.0349665
End step 11
Begin step 12
Stress 6.19131e-13 105.809 2.67481e-12 105.809 -8.68926e-13 8.91165e-13 2.67481e-12 8.91165e-13 -7.5005e-14
Strain 0 0.004 0 0.004 0 0 0 0 0
Strain mean -4.98924e-19 0.004 1.3374e-17 0.004 -3.39927e-32 4.45583e-18 1.3374e-17 4.45583e-18 -1.21273e-33
Plastic strain_mean -3.96961e-18 0.00347095 0 0.00347095 3.96961e-18 0 0 0 0
Plastic strain_rate_mean 0 0 0 0 0 0 0 0 0
Dissipation 0.0350267
End step 12
Begin step 13
Stress -1.6091e-13 106.019 -9.93664e-13 106.019 1.48004e-12 -1.84247e-13 -9.93664e-13 -1.84247e-13 3.96091e-13
Strain 0 0.00433333 0 0.00433333 0 0 0 0 0
Strain mean 2.63475e-18 0.00433333 -4.96832e-18 0.00433333 1.46852e-33 -9.21235e-19 -4.96832e-18 -9.21235e-19 -1.53096e-34
Plastic strain_mean 5.41975e-18 0.00380324 0 0.00380324 -5.41975e-18 0 0 0 0
Plastic strain_rate_mean 0 0 0 0 0 0 0 0 0
Dissipation 0.0350871
End step 13
Begin step 14
Stress -1.06145e-12 106.23 -7.95119e-13 106.23 8.10584e-13 -6.46101e-14 -7.95119e-13 -6.46101e-14 -7.53281e-14
Strain 0 0.00466667 0 0.00466667 0 0 0 0 0
Strain mean -5.01074e-19 0.00466667 -3.97559e-18 0.00466667 5.20001e-33 -3.23051e-19 -3.97559e-18 -3.23051e-19 -7.60592e-34
Plastic strain_mean 4.42956e-18 0.00413552 0 0.00413552 -4.42956e-18 0 0 0 0
Plastic strain_rate_mean 0 0 0 0 0 0 0 0 0
Dissipation 0.0351475
End step 14
Begin step 15
Stress -5.41384e-13 106.441 -2.68042e-12 106.441 -1.54714e-13 -1.26992e-12 -2.68042e-12 -1.26992e-12 -2.09015e-13
Strain 0 0.005 0 0.005 0 0 0 0 0
Strain mean -1.39034e-18 0.005 -1.34021e-17 0.005 4.7426e-33 -6.34962e-18 -1.34021e-17 -6.34962e-18 5.77779e-33
Plastic strain_mean 2.71505e-19 0.0044678 0 0.0044678 -2.71505e-19 0 0 0 0
Plastic strain_rate_mean 0 0 0 0 0 0 0 0 0
Dissipation 0.0352079
End step 15
Begin step 16
Stress 4.36854e-14 106.652 2.69394e-12 106.652 1.96685e-13 5.94087e-13 2.69394e-12 5.94087e-13 7.21753e-14
Strain 0 0.00533333 0 0.00533333 0 0 0 0 0
Strain mean 4.80102e-19 0.00533333 1.34697e-17 0.00533333 -7.94446e-34 2.97043e-18 1.34697e-17 2.97043e-18 -1.56482e-34
Plastic strain_mean 6.22551e-19 0.00480008 0 0.00480008 -6.22551e-19 0 0 0 0
Plastic strain_rate_mean 0 0 0 0 0 0 0 0 0
Dissipation 0.0352685
End step 16
Begin step 17
Stress -2.23599e-14 106.863 2.15413e-12 106.863 1.59066e-13 4.37612e-13 2.15413e-12 4.37612e-13 4.10484e-14
Strain 0 0.00566667 0 0.00566667 0 0 0 0 0
Strain mean 2.73049e-19 0.00566667 1.07707e-17 0.00566667 -2.64815e-34 2.18806e-18 1.07707e-17 2.18806e-18 -5.97339e-34
Plastic strain_mean 5.9009e-19 0.00513235 0 0.00513235 -5.9009e-19 0 0 0 0
Plastic strain_rate_mean 0 0 0 0 0 0 0 0 0
Dissipation 0.0353291
End step 17
Begin step 18
Stress -2.08946e-12 107.074 -5.71095e-12 107.074 1.20436e-12 -1.92239e-12 -5.71095e-12 -1.92239e-12 -2.65766e-13
Strain 0 0.006 0 0.006 0 0 0 0 0
Strain mean -1.76785e-18 0.006 -2.85548e-17 0.006 -7.46298e-34 -9.61197e-18 -2.85548e-17 -9.61197e-18 2.64815e-34
Plastic strain_mean 7.35064e-18 0.00546463 0 0.00546463 -7.35064e-18 0 0 0 0
Plastic strain_rate_mean 0 0 0 0 0 0 0 0 0
Dissipation 0.0353897
End step 18
Begin step 19
Stress -5.36861e-13 107.285 -4.74166e-12 107.285 1.15757e-12 -1.45062e-12 -4.74166e-12 -1.45062e-12 1.86377e-13
Strain 0 0.00633333 0 0.00633333 0 0 0 0 0
Strain mean 1.23976e-18 0.00633333 -2.37083e-17 0.00633333 -2.00116e-33 -7.25308e-18 -2.37083e-17 -7.25308e-18 4.60418e-34
Plastic strain_mean 4.85595e-18 0.00579691 0 0.00579691 -4.85595e-18 0 0 0 0
Plastic strain_rate_mean 0 0 0 0 0 0 0 0 0
Dissipation 0.0354504
End step 19
Begin step 20
Stress -9.49378e-13 107.497 -3.19311e-12 107.497 7.13137e-13 -1.08895e-12 -3.19311e-12 -1.08895e-12 -7.09351e-14
Strain 0 0.00666667 0 0.00666667 0 0 0 0 0
Strain mean -4.71852e-19 0.00666667 -1.59655e-17 0.00666667 3.29515e-34 -5.44474e-18 -1.59655e-17 -5.44474e-18 5.89816e-34
Plastic strain_mean 3.92036e-18 0.00612918 0 0.00612918 -3.92036e-18 0 0 0 0
Plastic strain_rate_mean 0 0 0 0 0 0 0 0 0
Dissipation 0.0355111
End step 20
Begin step 21
Stress -6.92208e-13 107.708 -2.96063e-12 107.708 8.15767e-13 -8.1549e-13 -2.96063e-12 -8.1549e-13 3.71007e-14
Strain 0 0.007 0 0.007 0 0 0 0 0
Strain mean 2.4679e-19 0.007 -1.48031e-17 0.007 -3.7992e-34 -4.07745e-18 -1.48031e-17 -4.07745e-18 3.06945e-34
Plastic strain_mean 3.89333e-18 0.00646146 0 0.00646146 -3.89333e-18 0 0 0 0
Plastic strain_rate_mean 0 0 0 0 0 0 0 0 0
Dissipation 0.0355719
End step 21
Begin step 22
Stress 1.54519e-12 107.92 -6.53121e-12 107.92 -8.27976e-13 -3.57414e-12 -6.53121e-12 -3.57414e-12 2.15355e-13
Strain 0 0.00733333 0 0.00733333 0 0 0 0 0
Strain mean 1.43252e-18 0.00733333 -3.26561e-17 0.00733333 7.94446e-34 -1.78707e-17 -3.26561e-17 -1.78707e-17 -3.06569e-33
Plastic strain_mean -5.21666e-18 0.00679373 0 0.00679373 5.21666e-18 0 0 0 0
Plastic strain_rate_mean 0 0 0 0 0 0 0 0 0
Dissipation 0.0356327
End step 22
Begin step 23
Stress 3.24256e-13 108.132 -1.1956e-12 108.132 -7.83125e-13 -2.49403e-13 -1.1956e-12 -2.49403e-13 -1.37783e-13
Strain 0 0.00766667 0 0.00766667 0 0 0 0 0
Strain mean -9.16515e-19 0.00766667 -5.978e-18 0.00766667 -9.48039e-32 -1.24702e-18 -5.978e-18 -1.24702e-18 -2.33519e-33
Plastic strain_mean -3.22671e-18 0.00712601 0 0.00712601 3.22671e-18 0 0 0 0
Plastic strain_rate_mean 0 0 0 0 0 0 0 0 0
Dissipation 0.0356935
End step 23
Begin step 24
Stress -1.96679e-12 108.344 -4.73746e-13 108.344 2.35725e-12 6.23312e-13 -4.73746e-13 6.23312e-13 1.17241e-13
Strain 0 0.008 0 0.008 0 0 0 0 0
Strain mean 7.79875e-19 0.008 -2.36873e-18 0.008 3.06945e-33 3.11656e-18 -2.36873e-18 3.11656e-18 3.37038e-34
Plastic strain_mean 1.12e-17 0.00745828 0 0.00745828 -1.12e-17 0 0 0 0
Plastic strain_rate_mean 0 0 0 0 0 0 0 0 0
Dissipation 0.0357543
End step 24
Begin step 25
Stress -1.11892e-12 108.556 -3.98285e-13 108.556 1.63473e-12 5.38007e-13 -3.98285e-13 5.38007e-13 1.54883e-13
Strain 0 0.00833333 0 0.00833333 0 0 0 0 0
Strain mean 1.03027e-18 0.00833333 -1.99142e-18 0.00833333 -1.03519e-33 2.69003e-18 -1.99142e-18 2.69003e-18 6.50001e-34
Plastic strain_mean 7.39926e-18 0.00779055 0 0.00779055 -7.39926e-18 0 0 0 0
Plastic strain_rate_mean 0 0 0 0 0 0 0 0 0
Dissipation 0.0358151
End step 25
Begin step 26
Stress -1.65594e-12 108.768 3.068e-13 108.768 9.62807e-13 3.82366e-13 3.068e-13 3.82366e-13 -2.08124e-13
Strain 0 0.00866667 0 0.00866667 0 0 0 0 0
Strain mean -1.38442e-18 0.00866667 1.534e-18 0.00866667 -5.77779e-34 1.91183e-18 1.534e-18 1.91183e-18 7.16205e-34
Plastic strain_mean 5.85465e-18 0.00812283 0 0.00812283 -5.85465e-18 0 0 0 0
Plastic strain_rate_mean 0 0 0 0 0 0 0 0 0
Dissipation 0.0358759
End step 26
Begin step 27
Stress -1.0416e-12 108.98 -9.76893e-13 108.98 1.36318e-12 3.56942e-13 -9.76893e-13 3.56942e-13 9.65597e-14
Strain 0 0.009 0 0.009 0 0 0 0 0
Strain mean 6.42304e-19 0.009 -4.88447e-18 0.009 -2.57593e-33 1.78471e-18 -4.88447e-18 1.78471e-18 4.21297e-35
Plastic strain_mean 6.33312e-18 0.0084551 0 0.0084551 -6.33312e-18 0 0 0 0
Plastic strain_rate_mean 0 0 0 0 0 0 0 0 0
Dissipation 0.0359368
End step 27
Begin step 28
Stress -1.41294e-12 109.192 -2.91934e-13 109.192 9.50817e-13 2.71208e-13 -2.91934e-13 2.71208e-13 -1.38761e-13
Strain 0 0.00933333 0 0.00933333 0 0 0 0 0
Strain mean -9.23022e-19 0.00933333 -1.45967e-18 0.00933333 1.50223e-32 1.35604e-18 -1.45967e-18 1.35604e-18 5.98844e-34
Plastic strain_mean 5.44789e-18 0.00878737 0 0.00878737 -5.44789e-18 0 0 0 0
Plastic strain_rate_mean 0 0 0 0 0 0 0 0 0
Dissipation 0.0359977
End step 28
Begin step 29
Stress 4.8487e-13 109.405 2.18147e-13 109.405 -4.93828e-13 -1.99328e-13 2.18147e-13 -1.99328e-13 -2.68998e-15
Strain 0 0.00966667 0 0.00966667 0 0 0 0 0
Strain mean -1.78934e-20 0.00966667 1.09073e-18 0.00966667 -6.09075e-33 -9.96639e-19 1.09073e-18 -9.96639e-19 -1.47454e-34
Plastic strain_mean -2.45569e-18 0.00911964 0 0.00911964 2.45569e-18 0 0 0 0
Plastic strain_rate_mean 0 0 0 0 0 0 0 0 0
Dissipation 0.0360585
End step 29
Begin step 30
Stress -1.0461e-12 109.617 -3.20086e-13 109.617 9.51806e-13 2.28611e-13 -3.20086e-13 2.28611e-13 -2.83146e-14
Strain 0 0.01 0 0.01 0 0 0 0 0
Strain mean -1.88346e-19 0.01 -1.60043e-18 0.01 -1.34815e-33 1.14306e-18 -1.60043e-18 1.14306e-18 -1.48959e-34
Plastic strain_mean 4.9006e-18 0.00945191 0 0.00945191 -4.9006e-18 0 0 0 0
Plastic strain_rate_mean 0 0 0 0 0 0 0 0 0
Dissipation 0.0361194
End step 30
