Begin step 0
Stress 0 0 0 0 0 0 0 0 0
Strain 0 0 0 0 0 0 0 0 0
Strain mean 0 0 0 0 0 0 0 0 0
Plastic strain_mean 0 0 0 0 0 0 0 0 0
Plastic strain_rate_mean 0 0 0 0 0 0 0 0 0
Dissipation 0
End step 0
Begin step 1
Stress 2.28922e-16 6.66667 1.55147e-16 6.66667 9.83009e-17 5.46209e-17 1.55147e-16 5.46209e-17 9.82541e-17
Strain 0 3.33333e-05 0 3.33333e-05 0 0 0 0 0
Strain mean 6.53575e-22 3.33333e-05 7.75733e-22 3.33333e-05 -3.52648e-38 2.73104e-22 7.75733e-22 2.73104e-22 5.1134e-37
Plastic strain_mean 2.34291e-25 1.29129e-19 0 1.29129e-19 -2.34291e-25 0 0 0 0
Plastic strain_rate_mean 0 0 0 0 0 0 0 0 0
Dissipation 8.60859e-19
End step 1
Begin step 2
Stress 3.28136e-16 13.3333 -7.80879e-16 13.3333 1.40884e-16 -8.61546e-17 -7.80879e-16 -8.61546e-17 1.40831e-16
Strain 0 6.66667e-05 0 6.66667e-05 0 0 0 0 0
Strain mean 9.36791e-22 6.66667e-05 -3.9044e-21 6.66667e-05 1.01093e-36 -4.30773e-22 -3.9044e-21 -4.30773e-22 3.21424e-37
Plastic strain_mean 2.63982e-25 7.48126e-16 0 7.48126e-16 -2.63982e-25 0 0 0 0
Plastic strain_rate_mean 0 0 0 0 0 0 0 0 0
Dissipation 9.97329e-15
End step 2
Begin step 3
Stress 2.48559e-15 20 2.54895e-15 20 1.07024e-15 -2.46884e-16 2.54895e-15 -2.46884e-16 1.06769e-15
Strain 0 0.0001 0 0.0001 0 0 0 0 0
Strain mean 7.10218e-21 0.0001 1.27447e-20 0.0001 -4.78426e-36 -1.23442e-21 1.27447e-20 -1.23442e-21 -1.775e-36
Plastic strain_mean 1.27222e-23 1.19609e-13 0 1.19609e-13 -1.27222e-23 0 0 0 0
Plastic strain_rate_mean 0 0 0 0 0 0 0 0 0
Dissipation 2.37723e-12
End step 3
Begin step 4
Stress 1.01973e-14 26.6667 2.24968e-14 26.6667 4.38232e-15 -2.89509e-16 2.24968e-14 -2.89509e-16 4.37776e-15
Strain 0 0.000133333 0 0.000133333 0 0 0 0 0
Strain mean 2.91204e-20 0.000133333 1.12484e-19 0.000133333 9.40395e-37 -1.44754e-21 1.12484e-19 -1.44754e-21 -5.09871e-36
Plastic strain_mean 2.27755e-23 4.45247e-12 0 4.45247e-12 -2.27755e-23 0 0 0 0
Plastic strain_rate_mean 0 0 0 0 0 0 0 0 0
Dissipation 1.15543e-10
End step 4
Begin step 5
Stress 6.5797e-15 33.3333 -1.3913e-12 33.3333 4.00778e-15 3.01942e-13 -1.3913e-12 3.01942e-13 3.17907e-15
Strain 0 0.000166667 0 0.000166667 0 0 0 0 0
Strain mean 2.11468e-20 0.000166667 -6.95648e-18 0.000166667 6.62038e-35 1.50971e-18 -6.95648e-18 1.50971e-18 -2.35851e-34
Plastic strain_mean 4.14358e-21 7.49455e-11 0 7.49455e-11 -4.14358e-21 0 0 0 0
Plastic strain_rate_mean 0 0 0 0 0 0 0 0 0
Dissipation 2.34976e-09
End step 5
Begin step 6
Stress -9.33528e-16 39.9998 -3.89644e-12 39.9998 6.71749e-16 -3.245e-13 -3.89644e-12 -3.245e-13 -7.86033e-17
Strain 0 0.0002 0 0.0002 0 0 0 0 0
Strain mean -5.2286e-22 0.0002 -1.94822e-17 0.0002 1.32408e-34 -1.6225e-18 -1.94822e-17 -1.6225e-18 2.64815e-34
Plastic strain_mean 3.75176e-21 7.63431e-10 0 7.63431e-10 -3.75176e-21 0 0 0 0
Plastic strain_rate_mean 0 0 0 0 0 0 0 0 0
Dissipation 2.75393e-08
End step 6
Begin step 7
Stress 2.01054e-14 46.6656 -6.28163e-12 46.6656 -2.7377e-14 2.59362e-12 -6.28163e-12 2.59362e-12 -2.18342e-15
Strain 0 0.000233333 0 0.000233333 0 0 0 0 0
Strain mean -1.45239e-20 0.000233333 -3.14082e-17 0.000233333 -2.4676e-34 1.29681e-17 -3.14082e-17 1.29681e-17 -2.99572e-33
Plastic strain_mean -1.25968e-19 5.49083e-09 0 5.49083e-09 1.25968e-19 0 0 0 0
Plastic strain_rate_mean 0 0 0 0 0 0 0 0 0
Dissipation 2.20607e-07
End step 7
Begin step 8
Stress 5.47156e-14 53.3272 -4.87613e-13 53.3272 -5.9893e-14 -2.15586e-12 -4.87613e-13 -2.15586e-12 -1.5546e-15
Strain 0 0.000266667 0 0.000266667 0 0 0 0 0
Strain mean -1.0341e-20 0.000266667 -2.43807e-18 0.000266667 -9.93058e-34 -1.07793e-17 -2.43807e-18 -1.07793e-17 4.00834e-33
Plastic strain_mean -2.91692e-19 3.05534e-08 0 3.05534e-08 2.91692e-19 0 0 0 0
Plastic strain_rate_mean 0 0 0 0 0 0 0 0 0
Dissipation 1.33652e-06
End step 8
Begin step 9
Stress 1.04687e-13 59.9721 5.21862e-13 59.9721 -1.1806e-13 -2.42713e-12 5.21862e-13 -2.42713e-12 -4.01532e-15
Strain 0 0.0003 0 0.0003 0 0 0 0 0
Strain mean -2.67094e-20 0.0003 2.60931e-18 0.0003 -6.68057e-34 -1.21356e-17 2.60931e-18 -1.21356e-17 3.96621e-33
Plastic strain_mean -5.70223e-19 1.39327e-07 0 1.39327e-07 5.70223e-19 0 0 0 0
Plastic strain_rate_mean 0 0 0 0 0 0 0 0 0
Dissipation 6.52341e-06
End step 9
Begin step 10
Stress 1.30658e-13 66.5588 1.82285e-12 66.5588 -1.63388e-13 4.05064e-12 1.82285e-12 4.05064e-12 -9.82759e-15
Strain 0 0.000333333 0 0.000333333 0 0 0 0 0
Strain mean -6.5372e-20 0.000333333 9.11425e-18 0.000333333 2.67897e-31 2.02532e-17 9.11425e-18 2.02532e-17 -2.98143e-33
Plastic strain_mean -7.67801e-19 5.39455e-07 0 5.39455e-07 7.67801e-19 0 0 0 0
Plastic strain_rate_mean 0 0 0 0 0 0 0 0 0
Dissipation 2.66319e-05
End step 10
Begin step 11
Stress 1.75861e-13 72.9727 2.24656e-12 72.9727 -1.26771e-13 -2.92596e-13 2.24656e-12 -2.92596e-13 1.47403e-14
Strain 0 0.000366667 0 0.000366667 0 0 0 0 0
Strain mean 9.80507e-20 0.000366667 1.12328e-17 0.000366667 1.44445e-33 -1.46298e-18 1.12328e-17 -1.46298e-18 -5.45806e-33
Plastic strain_mean -7.07555e-19 1.80294e-06 0 1.80294e-06 7.07555e-19 0 0 0 0
Plastic strain_rate_mean 0 0 0 0 0 0 0 0 0
Dissipation 9.21989e-05
End step 11
Begin step 12
Stress 5.31612e-13 78.9623 -3.16208e-13 78.9623 -5.46155e-13 -2.33961e-12 -3.16208e-13 -2.33961e-12 -4.36685e-15
Strain 0 0.0004 0 0.0004 0 0 0 0 0
Strain mean -2.90478e-20 0.0004 -1.58104e-18 0.0004 -5.63335e-33 -1.1698e-17 -1.58104e-18 -1.1698e-17 -1.54375e-33
Plastic strain_mean -2.70894e-18 5.18846e-06 0 5.18846e-06 2.70894e-18 0 0 0 0
Plastic strain_rate_mean 0 0 0 0 0 0 0 0 0
Dissipation 0.000267321
End step 12
Begin step 13
Stress -4.02062e-13 84.1339 -5.84274e-13 84.1339 4.04404e-13 3.9413e-12 -5.84274e-13 3.9413e-12 7.03062e-16
Strain 0 0.000433333 0 0.000433333 0 0 0 0 0
Strain mean 4.67669e-21 0.000433333 -2.92137e-18 0.000433333 1.91052e-31 1.97065e-17 -2.92137e-18 1.97065e-17 -1.70513e-33
Plastic strain_mean 2.0185e-18 1.26637e-05 0 1.26637e-05 -2.0185e-18 0 0 0 0
Plastic strain_rate_mean 0 0 0 0 0 0 0 0 0
Dissipation 0.000628883
End step 13
Begin step 14
Stress 7.16469e-13 88.1332 -1.18831e-12 88.1332 -7.13546e-13 -4.47929e-13 -1.18831e-12 -4.47929e-13 8.77736e-16
Strain 0 0.000466667 0 0.000466667 0 0 0 0 0
Strain mean 5.8386e-21 0.000466667 -5.94156e-18 0.000466667 -6.52409e-33 -2.23965e-18 -5.94156e-18 -2.23965e-18 -1.53773e-33
Plastic strain_mean -3.57212e-18 2.60006e-05 0 2.60006e-05 3.57212e-18 0 0 0 0
Plastic strain_rate_mean 0 0 0 0 0 0 0 0 0
Dissipation 0.00117528
End step 14
Begin step 15
Stress 6.09811e-13 90.8891 -1.20141e-12 90.8891 -6.04809e-13 5.11e-14 -1.20141e-12 5.11e-14 1.5022e-15
Strain 0 0.0005 0 0.0005 0 0 0 0 0
Strain mean 9.99243e-21 0.0005 -6.00703e-18 0.0005 -4.81482e-33 2.555e-19 -6.00703e-18 2.555e-19 2.81366e-33
Plastic strain_mean -3.03155e-18 4.55545e-05 0 4.55545e-05 3.03155e-18 0 0 0 0
Plastic strain_rate_mean 0 0 0 0 0 0 0 0 0
Dissipation 0.00177689
End step 15
Begin step 16
Stress 1.33304e-12 92.6192 4.65511e-13 92.6192 -1.37818e-12 -1.9886e-12 4.65511e-13 -1.9886e-12 -1.35547e-14
Strain 0 0.000533333 0 0.000533333 0 0 0 0 0
Strain mean -9.01643e-20 0.000533333 2.32755e-18 0.000533333 -7.58335e-34 -9.94298e-18 2.32755e-18 -9.94298e-18 -1.90298e-33
Plastic strain_mean -6.82315e-18 7.02373e-05 0 7.02373e-05 6.82315e-18 0 0 0 0
Plastic strain_rate_mean 0 0 0 0 0 0 0 0 0
Dissipation 0.00228543
End step 16
Begin step 17
Stress 4.86414e-13 93.6412 -1.3482e-12 93.6412 -4.87694e-13 -4.44004e-13 -1.3482e-12 -4.44004e-13 -3.84283e-16
Strain 0 0.000566667 0 0.000566667 0 0 0 0 0
Strain mean -2.5562e-21 0.000566667 -6.741e-18 0.000566667 -1.71167e-32 -2.22002e-18 -6.741e-18 -2.22002e-18 -1.61598e-33
Plastic strain_mean -2.43655e-18 9.84607e-05 0 9.84607e-05 2.43655e-18 0 0 0 0
Plastic strain_rate_mean 0 0 0 0 0 0 0 0 0
Dissipation 0.00264182
End step 17
Begin step 18
Stress -1.11382e-12 94.2264 -2.79592e-13 94.2264 1.10948e-12 -2.81622e-13 -2.79592e-13 -2.81622e-13 -1.30132e-15
Strain 0 0.0006 0 0.0006 0 0 0 0 0
Strain mean -8.65624e-21 0.0006 -1.39796e-18 0.0006 3.6713e-34 -1.40811e-18 -1.39796e-18 -1.40811e-18 -1.70776e-33
Plastic strain_mean 5.55393e-18 0.000128868 0 0.000128868 -5.55393e-18 0 0 0 0
Plastic strain_rate_mean 0 0 0 0 0 0 0 0 0
Dissipation 0.00286375
End step 18
Begin step 19
Stress -1.11465e-13 94.5592 6.13736e-13 94.5592 1.09603e-13 1.39545e-12 6.13736e-13 1.39545e-12 -5.58956e-16
Strain 0 0.000633333 0 0.000633333 0 0 0 0 0
Strain mean -3.71811e-21 0.000633333 3.06868e-18 0.000633333 7.54724e-33 6.97725e-18 3.06868e-18 6.97725e-18 4.69295e-33
Plastic strain_mean 5.50812e-19 0.000160537 0 0.000160537 -5.50812e-19 0 0 0 0
Plastic strain_rate_mean 0 0 0 0 0 0 0 0 0
Dissipation 0.00299279
End step 19
Begin step 20
Stress 4.0676e-12 94.7515 2.83568e-12 94.7515 -4.11309e-12 2.84487e-12 2.83568e-12 2.84487e-12 -1.36595e-14
Strain 0 0.000666667 0 0.000666667 0 0 0 0 0
Strain mean -9.08614e-20 0.000666667 1.41784e-17 0.000666667 -4.45371e-34 1.42244e-17 1.41784e-17 1.42244e-17 2.10649e-34
Plastic strain_mean -2.04971e-17 0.000192909 0 0.000192909 2.04971e-17 0 0 0 0
Plastic strain_rate_mean 0 0 0 0 0 0 0 0 0
Dissipation 0.00306508
End step 20
Begin step 21
Stress 3.0785e-12 94.8671 1.03375e-12 94.8671 -3.09089e-12 1.08877e-12 1.03375e-12 1.08877e-12 -3.72055e-15
Strain 0 0.0007 0 0.0007 0 0 0 0 0
Strain mean -2.47487e-20 0.0007 5.16873e-18 0.0007 1.94699e-33 5.44385e-18 5.16873e-18 5.44385e-18 -1.44445e-34
Plastic strain_mean -1.54358e-17 0.000225664 0 0.000225664 1.54358e-17 0 0 0 0
Plastic strain_rate_mean 0 0 0 0 0 0 0 0 0
Dissipation 0.00310488
End step 21
Begin step 22
Stress 3.87314e-12 94.9412 2.16232e-12 94.9412 -3.88499e-12 -7.67405e-13 2.16232e-12 -7.67405e-13 -3.55898e-15
Strain 0 0.000733333 0 0.000733333 0 0 0 0 0
Strain mean -2.36739e-20 0.000733333 1.08116e-17 0.000733333 -4.33334e-34 -3.83703e-18 1.08116e-17 -3.83703e-18 1.06829e-33
Plastic strain_mean -1.94071e-17 0.000258627 0 0.000258627 1.94071e-17 0 0 0 0
Plastic strain_rate_mean 0 0 0 0 0 0 0 0 0
Dissipation 0.00312669
End step 22
Begin step 23
Stress 3.13795e-12 94.9929 2.82699e-12 94.9929 -3.18286e-12 -2.5821e-12 2.82699e-12 -2.5821e-12 -1.34848e-14
Strain 0 0.000766667 0 0.000766667 0 0 0 0 0
Strain mean -8.96995e-20 0.000766667 1.4135e-17 0.000766667 -3.94045e-31 -1.29105e-17 1.4135e-17 -1.29105e-17 -1.96806e-33
Plastic strain_mean -1.58469e-17 0.000291702 0 0.000291702 1.58469e-17 0 0 0 0
Plastic strain_rate_mean 0 0 0 0 0 0 0 0 0
Dissipation 0.00313872
End step 23
Begin step 24
Stress 1.29734e-12 95.0325 2.72781e-12 95.0325 -1.30702e-12 4.08479e-13 2.72781e-12 4.08479e-13 -2.90832e-15
Strain 0 0.0008 0 0.0008 0 0 0 0 0
Strain mean -1.93458e-20 0.0008 1.36391e-17 0.0008 -9.62965e-35 2.0424e-18 1.36391e-17 2.0424e-18 -1.73936e-33
Plastic strain_mean -6.52057e-18 0.000324837 0 0.000324837 6.52057e-18 0 0 0 0
Plastic strain_rate_mean 0 0 0 0 0 0 0 0 0
Dissipation 0.00314549
End step 24
Begin step 25
Stress 1.16579e-12 95.0656 -1.25389e-12 95.0656 -1.16353e-12 3.7871e-14 -1.25389e-12 3.7871e-14 6.76861e-16
Strain 0 0.000833333 0 0.000833333 0 0 0 0 0
Strain mean 4.5024e-21 0.000833333 -6.26945e-18 0.000833333 7.64955e-33 1.89355e-19 -6.26945e-18 1.89355e-19 6.5602e-34
Plastic strain_mean -5.82105e-18 0.000358005 0 0.000358005 5.82105e-18 0 0 0 0
Plastic strain_rate_mean 0 0 0 0 0 0 0 0 0
Dissipation 0.00314943
End step 25
Begin step 26
Stress 1.67803e-12 95.095 -1.12755e-12 95.095 -1.76337e-12 -2.28989e-14 -1.12755e-12 -2.28989e-14 -2.56247e-14
Strain 0 0.000866667 0 0.000866667 0 0 0 0 0
Strain mean -1.70452e-19 0.000866667 -5.63773e-18 0.000866667 -3.95779e-32 -1.14494e-19 -5.63773e-18 -1.14494e-19 4.5139e-35
Plastic strain_mean -8.68874e-18 0.000391192 0 0.000391192 8.68874e-18 0 0 0 0
Plastic strain_rate_mean 0 0 0 0 0 0 0 0 0
Dissipation 0.00315186
End step 26
Begin step 27
Stress 1.75157e-12 95.1224 -1.06009e-12 95.1224 -1.66409e-12 -8.78841e-14 -1.06009e-12 -8.78841e-14 2.62666e-14
Strain 0 0.0009 0 0.0009 0 0 0 0 0
Strain mean 1.74722e-19 0.0009 -5.30043e-18 0.0009 -2.07037e-32 -4.39421e-19 -5.30043e-18 -4.39421e-19 4.13774e-36
Plastic strain_mean -8.45179e-18 0.000424388 0 0.000424388 8.45179e-18 0 0 0 0
Plastic strain_rate_mean 0 0 0 0 0 0 0 0 0
Dissipation 0.00315347
End step 27
Begin step 28
Stress 1.46949e-12 95.1487 -1.01357e-12 95.1487 -1.48783e-12 -1.24831e-13 -1.01357e-12 -1.24831e-13 -5.50659e-15
Strain 0 0.000933333 0 0.000933333 0 0 0 0 0
Strain mean -3.66292e-20 0.000933333 -5.06783e-18 0.000933333 -4.67519e-32 -6.24154e-19 -5.06783e-18 -6.24154e-19 3.5735e-34
Plastic strain_mean -7.41161e-18 0.00045759 0 0.00045759 7.41161e-18 0 0 0 0
Plastic strain_rate_mean 0 0 0 0 0 0 0 0 0
Dissipation 0.00315466
End step 28
Begin step 29
Stress 1.17632e-12 95.1743 1.98484e-14 95.1743 -1.14584e-12 -1.02463e-12 1.98484e-14 -1.02463e-12 9.15291e-15
Strain 0 0.000966667 0 0.000966667 0 0 0 0 0
Strain mean 6.08841e-20 0.000966667 9.92421e-20 0.000966667 -3.93853e-32 -5.12316e-18 9.92421e-20 -5.12316e-18 6.90626e-34
Plastic strain_mean -5.77495e-18 0.000490795 0 0.000490795 5.77495e-18 0 0 0 0
Plastic strain_rate_mean 0 0 0 0 0 0 0 0 0
Dissipation 0.0031556
End step 29
Begin step 30
Stress 8.85466e-13 95.1993 -8.9395e-13 95.1993 -1.0082e-12 -1.29342e-13 -8.9395e-13 -1.29342e-13 -3.68518e-14
Strain 0 0.001 0 0.001 0 0 0 0 0
Strain mean -2.45134e-19 0.001 -4.46975e-18 0.001 6.01853e-34 -6.46711e-19 -4.46975e-18 -6.46711e-19 6.70502e-35
Plastic strain_mean -4.85672e-18 0.000524003 0 0.000524003 4.85672e-18 0 0 0 0
Plastic strain_rate_mean 0 0 0 0 0 0 0 0 0
Dissipation 0.00315643
End step 30
