Begin step 0
Stress 0 0 0 0 0 0 0 0 0
Strain 0 0 0 0 0 0 0 0 0
Strain mean 0 0 0 0 0 0 0 0 0
Plastic strain_mean 0 0 0 0 0 0 0 0 0
Plastic strain_rate_mean 0 0 0 0 0 0 0 0 0
Dissipation 0
End step 0
Begin step 1
Stress 5.97125e-15 6.66452 -8.23001e-13 6.66452 -6.99474e-15 1.27567e-12 -8.23001e-13 1.27567e-12 -3.07317e-16
Strain 0 3.33333e-05 0 3.33333e-05 0 0 0 0 0
Strain mean -2.04424e-21 3.33333e-05 -4.115e-18 3.33333e-05 3.79167e-34 6.37836e-18 -4.115e-18 6.37836e-18 -1.20371e-34
Plastic strain_mean -3.34371e-20 1.07231e-08 0 1.07231e-08 3.34371e-20 0 0 0 0
Plastic strain_rate_mean 0 0 0 0 0 0 0 0 0
Dissipation 7.14646e-08
End step 1
Begin step 2
Stress 2.11336e-14 13.3269 5.42941e-13 13.3269 -1.526e-14 -4.2155e-13 5.42941e-13 -4.2155e-13 1.76366e-15
Strain 0 6.66667e-05 0 6.66667e-05 0 0 0 0 0
Strain mean 1.17317e-20 6.66667e-05 2.7147e-18 6.66667e-05 7.47802e-33 -2.10775e-18 2.7147e-18 -2.10775e-18 1.66864e-33
Plastic strain_mean -8.51183e-20 3.22655e-08 0 3.22655e-08 8.51183e-20 0 0 0 0
Plastic strain_rate_mean 0 0 0 0 0 0 0 0 0
Dissipation 2.87092e-07
End step 2
Begin step 3
Stress 3.22187e-14 19.987 1.15721e-12 19.987 -3.78542e-14 -8.35787e-13 1.15721e-12 -8.35787e-13 -1.69215e-15
Strain 0 0.0001 0 0.0001 0 0 0 0 0
Strain mean -1.1256e-20 0.0001 5.78603e-18 0.0001 -8.00465e-34 -4.17894e-18 5.78603e-18 -4.17894e-18 2.69329e-33
Plastic strain_mean -1.8081e-19 6.4828e-08 0 6.4828e-08 1.8081e-19 0 0 0 0
Plastic strain_rate_mean 0 0 0 0 0 0 0 0 0
Dissipation 6.50827e-07
End step 3
Begin step 4
Stress 8.96596e-15 26.6449 -2.75265e-12 26.6449 -2.04042e-14 -9.55063e-13 -2.75265e-12 -9.55063e-13 -3.43453e-15
Strain 0 0.000133333 0 0.000133333 0 0 0 0 0
Strain mean -2.28461e-20 0.000133333 -1.37633e-17 0.000133333 6.9815e-34 -4.77531e-18 -1.37633e-17 -4.77531e-18 1.6882e-33
Plastic strain_mean -8.48485e-20 1.08728e-07 0 1.08728e-07 8.48485e-20 0 0 0 0
Plastic strain_rate_mean 0 0 0 0 0 0 0 0 0
Dissipation 1.16972e-06
End step 4
Begin step 5
Stress 2.04989e-14 33.3004 4.8033e-12 33.3004 -9.2715e-15 9.75933e-13 4.8033e-12 9.75933e-13 3.37121e-15
Strain 0 0.000166667 0 0.000166667 0 0 0 0 0
Strain mean 2.24249e-20 0.000166667 2.40165e-17 0.000166667 3.97223e-34 4.87967e-18 2.40165e-17 4.87967e-18 -5.85001e-33
Plastic strain_mean -6.32135e-20 1.64421e-07 0 1.64421e-07 6.32135e-20 0 0 0 0
Plastic strain_rate_mean 0 0 0 0 0 0 0 0 0
Dissipation 1.85457e-06
End step 5
Begin step 6
Stress 3.9141e-14 39.9535 -6.77859e-12 39.9535 -2.71355e-14 6.16242e-13 -6.77859e-12 6.16242e-13 3.60483e-15
Strain 0 0.0002 0 0.0002 0 0 0 0 0
Strain mean 2.39789e-20 0.0002 -3.3893e-17 0.0002 3.49075e-34 3.08121e-18 -3.3893e-17 3.08121e-18 -8.63659e-34
Plastic strain_mean -1.53702e-19 2.32527e-07 0 2.32527e-07 1.53702e-19 0 0 0 0
Plastic strain_rate_mean 0 0 0 0 0 0 0 0 0
Dissipation 2.72109e-06
End step 6
Begin step 7
Stress 6.87698e-15 46.6039 -2.33546e-12 46.6039 -1.23743e-14 -2.66245e-12 -2.33546e-12 -2.66245e-12 -1.65067e-15
Strain 0 0.000233333 0 0.000233333 0 0 0 0 0
Strain mean -1.09801e-20 0.000233333 -1.16773e-17 0.000233333 5.89816e-34 -1.33122e-17 -1.16773e-17 -1.33122e-17 3.26468e-33
Plastic strain_mean -5.36183e-20 3.13887e-07 0 3.13887e-07 5.36183e-20 0 0 0 0
Plastic strain_rate_mean 0 0 0 0 0 0 0 0 0
Dissipation 3.79168e-06
End step 7
Begin step 8
Stress 1.95408e-14 53.2514 2.55893e-12 53.2514 -6.70638e-15 -2.07724e-12 2.55893e-12 -2.07724e-12 3.85374e-15
Strain 0 0.000266667 0 0.000266667 0 0 0 0 0
Strain mean 2.56347e-20 0.000266667 1.27946e-17 0.000266667 -6.86113e-34 -1.03862e-17 1.27946e-17 -1.03862e-17 2.23288e-33
Plastic strain_mean -5.28006e-20 4.09635e-07 0 4.09635e-07 5.28006e-20 0 0 0 0
Plastic strain_rate_mean 0 0 0 0 0 0 0 0 0
Dissipation 5.09869e-06
End step 8
Begin step 9
Stress 8.18566e-15 59.8957 5.94605e-12 59.8957 -8.74558e-15 -4.37851e-12 5.94605e-12 -4.37851e-12 -1.68124e-16
Strain 0 0.0003 0 0.0003 0 0 0 0 0
Strain mean -1.11834e-21 0.0003 2.97303e-17 0.0003 -2.16667e-34 -2.18925e-17 2.97303e-17 -2.18925e-17 4.97131e-33
Plastic strain_mean -4.28873e-20 5.21329e-07 0 5.21329e-07 4.28873e-20 0 0 0 0
Plastic strain_rate_mean 0 0 0 0 0 0 0 0 0
Dissipation 6.68997e-06
End step 9
Begin step 10
Stress 4.74758e-14 66.5364 3.60152e-12 66.5364 -3.29617e-14 3.98329e-13 3.60152e-12 3.98329e-13 4.35811e-15
Strain 0 0.000333333 0 0.000333333 0 0 0 0 0
Strain mean 2.89897e-20 0.000333333 1.80076e-17 0.000333333 2.40741e-34 1.99164e-18 1.80076e-17 1.99164e-18 -3.60811e-33
Plastic strain_mean -1.86599e-19 6.51179e-07 0 6.51179e-07 1.86599e-19 0 0 0 0
Plastic strain_rate_mean 0 0 0 0 0 0 0 0 0
Dissipation 8.6397e-06
End step 10
Begin step 11
Stress -2.73871e-14 73.1728 -7.36706e-12 73.1728 -2.166e-14 3.58613e-12 -7.36706e-12 3.58613e-12 -1.47272e-14
Strain 0 0.000366667 0 0.000366667 0 0 0 0 0
Strain mean -9.79636e-20 0.000366667 -3.68353e-17 0.000366667 -6.98902e-34 1.79306e-17 -3.68353e-17 1.79306e-17 -7.16205e-34
Plastic strain_mean -3.46638e-20 8.02481e-07 0 8.02481e-07 3.46638e-20 0 0 0 0
Plastic strain_rate_mean 0 0 0 0 0 0 0 0 0
Dissipation 1.10712e-05
End step 11
Begin step 12
Stress -1.4715e-14 79.8039 4.46946e-12 79.8039 -5.16313e-14 -2.04255e-12 4.46946e-12 -2.04255e-12 -1.99216e-14
Strain 0 0.0004 0 0.0004 0 0 0 0 0
Strain mean -1.32516e-19 0.0004 2.23473e-17 0.0004 2.31713e-33 -1.02127e-17 2.23473e-17 -1.02127e-17 3.95568e-33
Plastic strain_mean -1.58549e-19 9.80579e-07 0 9.80579e-07 1.58549e-19 0 0 0 0
Plastic strain_rate_mean 0 0 0 0 0 0 0 0 0
Dissipation 1.42128e-05
End step 12
Begin step 13
Stress -5.30308e-14 86.4276 3.55606e-12 86.4276 1.81852e-14 2.75354e-12 3.55606e-12 2.75354e-12 -1.0463e-14
Strain 0 0.000433333 0 0.000433333 0 0 0 0 0
Strain mean -6.95985e-20 0.000433333 1.77803e-17 0.000433333 7.46298e-34 1.37677e-17 1.77803e-17 1.37677e-17 -1.35417e-33
Plastic strain_mean 1.43241e-19 1.19545e-06 0 1.19545e-06 -1.43241e-19 0 0 0 0
Plastic strain_rate_mean 0 0 0 0 0 0 0 0 0
Dissipation 1.85709e-05
End step 13
Begin step 14
Stress 3.31386e-14 93.0389 3.14479e-12 93.0389 3.79488e-14 -7.18234e-14 3.14479e-12 -7.18234e-14 2.13452e-14
Strain 0 0.000466667 0 0.000466667 0 0 0 0 0
Strain mean 1.41985e-19 0.000466667 1.5724e-17 0.000466667 -1.17482e-32 -3.59117e-19 1.5724e-17 -3.59117e-19 3.45464e-33
Plastic strain_mean 8.30181e-20 1.47223e-06 0 1.47223e-06 -8.30181e-20 0 0 0 0
Plastic strain_rate_mean 0 0 0 0 0 0 0 0 0
Dissipation 2.57512e-05
End step 14
Begin step 15
Stress 3.70937e-12 99.5756 5.26901e-13 99.5756 -3.73102e-12 -1.84161e-12 5.26901e-13 -1.84161e-12 -6.50224e-15
Strain 0 0.0005 0 0.0005 0 0 0 0 0
Strain mean -4.32521e-20 0.0005 2.6345e-18 0.0005 -6.54816e-33 -9.20806e-18 2.6345e-18 -9.20806e-18 -1.77848e-33
Plastic strain_mean -1.86226e-17 2.12209e-06 0 2.12209e-06 1.86226e-17 0 0 0 0
Plastic strain_rate_mean 0 0 0 0 0 0 0 0 0
Dissipation 6.47079e-05
End step 15
Begin step 16
Stress 1.48348e-12 100.021 1.04493e-12 100.021 -1.48599e-12 1.61287e-12 1.04493e-12 1.61287e-12 -7.55465e-16
Strain 0 0.000533333 0 0.000533333 0 0 0 0 0
Strain mean -5.02526e-21 0.000533333 5.22464e-18 0.000533333 -6.50001e-34 8.06436e-18 5.22464e-18 8.06436e-18 4.51992e-33
Plastic strain_mean -7.42618e-18 3.32302e-05 0 3.32302e-05 7.42618e-18 0 0 0 0
Plastic strain_rate_mean 0 0 0 0 0 0 0 0 0
Dissipation 0.00311137
End step 16
Begin step 17
Stress -8.43425e-13 100.041 1.23098e-12 100.041 8.78387e-13 -6.40713e-13 1.23098e-12 -6.40713e-13 1.04979e-14
Strain 0 0.000566667 0 0.000566667 0 0 0 0 0
Strain mean 6.98308e-20 0.000566667 6.1549e-18 0.000566667 -3.29816e-33 -3.20356e-18 6.1549e-18 -3.20356e-18 -3.30267e-34
Plastic strain_mean 4.33945e-18 6.64605e-05 0 6.64605e-05 -4.33945e-18 0 0 0 0
Plastic strain_rate_mean 0 0 0 0 0 0 0 0 0
Dissipation 0.0033242
End step 17
Begin step 18
Stress -3.22251e-12 100.062 1.47453e-12 100.062 3.22103e-12 -2.8943e-12 1.47453e-12 -2.8943e-12 -4.45418e-16
Strain 0 0.0006 0 0.0006 0 0 0 0 0
Strain mean -2.96287e-21 0.0006 7.37263e-18 0.0006 -1.27593e-33 -1.44715e-17 7.37263e-18 -1.44715e-17 -2.99422e-33
Plastic strain_mean 1.61074e-17 9.96907e-05 0 9.96907e-05 -1.61074e-17 0 0 0 0
Plastic strain_rate_mean 0 0 0 0 0 0 0 0 0
Dissipation 0.00332479
End step 18
Begin step 19
Stress -5.58775e-12 100.082 1.68758e-12 100.082 5.5685e-12 -5.14788e-12 1.68758e-12 -5.14788e-12 -5.78171e-15
Strain 0 0.000633333 0 0.000633333 0 0 0 0 0
Strain mean -3.84592e-20 0.000633333 8.43788e-18 0.000633333 5.75372e-33 -2.57394e-17 8.43788e-18 -2.57394e-17 -7.38474e-33
Plastic strain_mean 2.78714e-17 0.000132921 0 0.000132921 -2.78714e-17 0 0 0 0
Plastic strain_rate_mean 0 0 0 0 0 0 0 0 0
Dissipation 0.00332537
End step 19
Begin step 20
Stress -7.96367e-12 100.103 1.90107e-12 100.103 7.90944e-12 -7.40147e-12 1.90107e-12 -7.40147e-12 -1.6284e-14
Strain 0 0.000666667 0 0.000666667 0 0 0 0 0
Strain mean -1.08319e-19 0.000666667 9.50535e-18 0.000666667 -5.36853e-32 -3.70073e-17 9.50535e-18 -3.70073e-17 -1.51547e-32
Plastic strain_mean 3.96286e-17 0.000166151 0 0.000166151 -3.96286e-17 0 0 0 0
Plastic strain_rate_mean 0 0 0 0 0 0 0 0 0
Dissipation 0.00332596
End step 20
Begin step 21
Stress -1.03045e-11 100.124 2.10716e-12 100.124 1.02679e-11 -9.65505e-12 2.10716e-12 -9.65505e-12 -1.09652e-14
Strain 0 0.0007 0 0.0007 0 0 0 0 0
Strain mean -7.29389e-20 0.0007 1.05358e-17 0.0007 4.90149e-32 -4.82752e-17 1.05358e-17 -4.82752e-17 -1.84769e-32
Plastic strain_mean 5.13946e-17 0.000199381 0 0.000199381 -5.13946e-17 0 0 0 0
Plastic strain_rate_mean 0 0 0 0 0 0 0 0 0
Dissipation 0.00332655
End step 21
Begin step 22
Stress -1.26532e-11 100.144 2.3287e-12 100.144 1.26237e-11 -1.19086e-11 2.3287e-12 -1.19086e-11 -8.85597e-15
Strain 0 0.000733333 0 0.000733333 0 0 0 0 0
Strain mean -5.89089e-20 0.000733333 1.16435e-17 0.000733333 -1.03615e-31 -5.95432e-17 1.16435e-17 -5.95432e-17 -2.13297e-32
Plastic strain_mean 6.31626e-17 0.000232612 0 0.000232612 -6.31626e-17 0 0 0 0
Plastic strain_rate_mean 0 0 0 0 0 0 0 0 0
Dissipation 0.00332714
End step 22
Begin step 23
Stress -1.49093e-11 100.165 2.52939e-12 100.165 1.50161e-11 -1.41622e-11 2.52939e-12 -1.41622e-11 3.20701e-14
Strain 0 0.000766667 0 0.000766667 0 0 0 0 0
Strain mean 2.13327e-19 0.000766667 1.2647e-17 0.000766667 -1.37126e-31 -7.08111e-17 1.2647e-17 -7.08111e-17 -3.0839e-32
Plastic strain_mean 7.49204e-17 0.000265842 0 0.000265842 -7.49204e-17 0 0 0 0
Plastic strain_rate_mean 0 0 0 0 0 0 0 0 0
Dissipation 0.00332772
End step 23
Begin step 24
Stress -1.73879e-11 100.186 2.74891e-12 100.186 1.73142e-11 -1.64158e-11 2.74891e-12 -1.64158e-11 -2.21312e-14
Strain 0 0.0008 0 0.0008 0 0 0 0 0
Strain mean -1.47214e-19 0.0008 1.37446e-17 0.0008 -1.1363e-32 -8.2079e-17 1.37446e-17 -8.2079e-17 -3.61353e-32
Plastic strain_mean 8.66818e-17 0.000299072 0 0.000299072 -8.66818e-17 0 0 0 0
Plastic strain_rate_mean 0 0 0 0 0 0 0 0 0
Dissipation 0.00332831
End step 24
Begin step 25
Stress -1.96883e-11 100.206 2.9162e-12 100.206 1.96929e-11 -1.86694e-11 2.9162e-12 -1.86694e-11 1.38866e-15
Strain 0 0.000833333 0 0.000833333 0 0 0 0 0
Strain mean 9.23719e-21 0.000833333 1.4581e-17 0.000833333 -8.1852e-32 -9.33469e-17 1.4581e-17 -9.33469e-17 -3.65445e-32
Plastic strain_mean 9.84575e-17 0.000332302 0 0.000332302 -9.84575e-17 0 0 0 0
Plastic strain_rate_mean 0 0 0 0 0 0 0 0 0
Dissipation 0.0033289
End step 25
Begin step 26
Stress -2.20827e-11 100.227 3.19928e-12 100.227 2.20276e-11 -2.0923e-11 3.19928e-12 -2.0923e-11 -1.65329e-14
Strain 0 0.000866667 0 0.000866667 0 0 0 0 0
Strain mean -1.09975e-19 0.000866667 1.59964e-17 0.000866667 -8.68594e-32 -1.04615e-16 1.59964e-17 -1.04615e-16 -4.1239e-32
Plastic strain_mean 1.10221e-16 0.000365533 0 0.000365533 -1.10221e-16 0 0 0 0
Plastic strain_rate_mean 0 0 0 0 0 0 0 0 0
Dissipation 0.00332949
End step 26
Begin step 27
Stress -2.44849e-11 100.247 3.40611e-12 100.247 2.43594e-11 -2.31766e-11 3.40611e-12 -2.31766e-11 -3.76684e-14
Strain 0 0.0009 0 0.0009 0 0 0 0 0
Strain mean -2.50566e-19 0.0009 1.70305e-17 0.0009 1.31541e-31 -1.15883e-16 1.70305e-17 -1.15883e-16 -4.09742e-32
Plastic strain_mean 1.21986e-16 0.000398763 0 0.000398763 -1.21986e-16 0 0 0 0
Plastic strain_rate_mean 0 0 0 0 0 0 0 0 0
Dissipation 0.00333008
End step 27
Begin step 28
Stress -2.67321e-11 100.268 3.59628e-12 100.268 2.67553e-11 -2.54301e-11 3.59628e-12 -2.54301e-11 6.96512e-15
Strain 0 0.000933333 0 0.000933333 0 0 0 0 0
Strain mean 4.63312e-20 0.000933333 1.79814e-17 0.000933333 2.46519e-31 -1.27151e-16 1.79814e-17 -1.27151e-16 -4.13834e-32
Plastic strain_mean 1.33742e-16 0.000431993 0 0.000431993 -1.33742e-16 0 0 0 0
Plastic strain_rate_mean 0 0 0 0 0 0 0 0 0
Dissipation 0.00333066
End step 28
Begin step 29
Stress -2.91028e-11 100.289 3.8123e-12 100.289 2.91033e-11 -2.76837e-11 3.8123e-12 -2.76837e-11 1.57207e-16
Strain 0 0.000966667 0 0.000966667 0 0 0 0 0
Strain mean 1.04572e-21 0.000966667 1.90615e-17 0.000966667 -2.50371e-32 -1.38419e-16 1.90615e-17 -1.38419e-16 -4.56205e-32
Plastic strain_mean 1.45516e-16 0.000465223 0 0.000465223 -1.45516e-16 0 0 0 0
Plastic strain_rate_mean 0 0 0 0 0 0 0 0 0
Dissipation 0.00333125
End step 29
Begin step 30
Stress -3.14912e-11 100.309 4.06858e-12 100.309 3.14444e-11 -2.99373e-11 4.06858e-12 -2.99373e-11 -1.40525e-14
Strain 0 0.001 0 0.001 0 0 0 0 0
Strain mean -9.34757e-20 0.001 2.03429e-17 0.001 -5.5852e-32 -1.49687e-16 2.03429e-17 -1.49687e-16 -6.14372e-32
Plastic strain_mean 1.57292e-16 0.000498454 0 0.000498454 -1.57292e-16 0 0 0 0
Plastic strain_rate_mean 0 0 0 0 0 0 0 0 0
Dissipation 0.00333184
End step 30
