Begin step 0
Stress 0 0 0 0 0 0 0 0 0
Strain 0 0 0 0 0 0 0 0 0
Strain mean 0 0 0 0 0 0 0 0 0
Plastic strain_mean 0 0 0 0 0 0 0 0 0
Plastic strain_rate_mean 0 0 0 0 0 0 0 0 0
Dissipation 0
End step 0
Begin step 1
Stress -6.61255e-14 5.5895 -2.09046e-12 5.5895 6.36641e-14 -9.3885e-12 -2.09046e-12 -9.3885e-12 -7.39089e-16
Strain 0 3.33333e-05 0 3.33333e-05 0 0 0 0 0
Strain mean -4.91633e-21 3.33333e-05 -1.04523e-17 3.33333e-05 2.28704e-31 -4.69425e-17 -1.04523e-17 -4.69425e-17 -3.67732e-33
Plastic strain_mean 3.22016e-19 5.38581e-06 0 5.38581e-06 -3.22016e-19 0 0 0 0
Plastic strain_rate_mean 0 0 0 0 0 0 0 0 0
Dissipation 3.00937e-05
End step 1
Begin step 2
Stress 2.20055e-13 10.2763 2.33601e-13 10.2763 -2.207e-13 1.07604e-13 2.33601e-13 1.07604e-13 -1.93779e-16
Strain 0 6.66667e-05 0 6.66667e-05 0 0 0 0 0
Strain mean -1.28899e-21 6.66667e-05 1.168e-18 6.66667e-05 1.36211e-31 5.38022e-19 1.168e-18 5.38022e-19 -1.60695e-33
Plastic strain_mean -1.10253e-18 1.52853e-05 0 1.52853e-05 1.10253e-18 0 0 0 0
Plastic strain_rate_mean 0 0 0 0 0 0 0 0 0
Dissipation 0.000101676
End step 2
Begin step 3
Stress 1.5222e-12 14.2065 4.38086e-12 14.2065 -1.522e-12 1.02428e-11 4.38086e-12 1.02428e-11 6.059e-17
Strain 0 0.0001 0 0.0001 0 0 0 0 0
Strain mean 4.03038e-22 0.0001 2.19043e-17 0.0001 3.08149e-33 5.12141e-17 2.19043e-17 5.12141e-17 3.82177e-33
Plastic strain_mean -7.61032e-18 2.89673e-05 0 2.89673e-05 7.61032e-18 0 0 0 0
Plastic strain_rate_mean 0 0 0 0 0 0 0 0 0
Dissipation 0.000194234
End step 3
Begin step 4
Stress 2.23281e-12 17.5029 -2.60973e-12 17.5029 -2.24828e-12 -4.03714e-12 -2.60973e-12 -4.03714e-12 -4.64523e-15
Strain 0 0.000133333 0 0.000133333 0 0 0 0 0
Strain mean -3.08996e-20 0.000133333 -1.30487e-17 0.000133333 -9.63326e-32 -2.01857e-17 -1.30487e-17 -2.01857e-17 -1.8507e-33
Plastic strain_mean -1.12182e-17 4.5819e-05 0 4.5819e-05 1.12182e-17 0 0 0 0
Plastic strain_rate_mean 0 0 0 0 0 0 0 0 0
Dissipation 0.000294683
End step 4
Begin step 5
Stress 2.31114e-12 20.268 -1.82202e-12 20.268 -2.31861e-12 -2.86623e-12 -1.82202e-12 -2.86623e-12 -2.24456e-15
Strain 0 0.000166667 0 0.000166667 0 0 0 0 0
Strain mean -1.49306e-20 0.000166667 -9.1101e-18 0.000166667 5.64779e-32 -1.43311e-17 -9.1101e-18 -1.43311e-17 -1.41435e-33
Plastic strain_mean -1.15818e-17 6.53269e-05 0 6.53269e-05 1.15818e-17 0 0 0 0
Plastic strain_rate_mean 0 0 0 0 0 0 0 0 0
Dissipation 0.00039494
End step 5
Begin step 6
Stress 3.15857e-12 22.5879 2.5738e-12 22.5879 -3.16132e-12 -7.53268e-12 2.5738e-12 -7.53268e-12 -8.26426e-16
Strain 0 0.0002 0 0.0002 0 0 0 0 0
Strain mean -5.49729e-21 0.0002 1.2869e-17 0.0002 5.46001e-32 -3.76634e-17 1.2869e-17 -3.76634e-17 8.84724e-34
Plastic strain_mean -1.58025e-17 8.70605e-05 0 8.70605e-05 1.58025e-17 0 0 0 0
Plastic strain_rate_mean 0 0 0 0 0 0 0 0 0
Dissipation 0.000490259
End step 6
Begin step 7
Stress 3.14647e-12 24.5348 -2.75002e-12 24.5348 -3.13616e-12 1.01603e-12 -2.75002e-12 1.01603e-12 3.09719e-15
Strain 0 0.000233333 0 0.000233333 0 0 0 0 0
Strain mean 2.06021e-20 0.000233333 -1.37501e-17 0.000233333 -1.41315e-32 5.08013e-18 -1.37501e-17 5.08013e-18 -3.4441e-33
Plastic strain_mean -1.56963e-17 0.000110659 0 0.000110659 1.56963e-17 0 0 0 0
Plastic strain_rate_mean 0 0 0 0 0 0 0 0 0
Dissipation 0.000578086
End step 7
Begin step 8
Stress 2.95061e-12 26.1692 -2.26187e-12 26.1692 -2.95087e-12 1.03047e-12 -2.26187e-12 1.03047e-12 -7.64198e-17
Strain 0 0.000266667 0 0.000266667 0 0 0 0 0
Strain mean -5.08336e-22 0.000266667 -1.13093e-17 0.000266667 -3.63038e-32 5.15237e-18 -1.13093e-17 5.15237e-18 -2.70759e-33
Plastic strain_mean -1.4754e-17 0.000135821 0 0.000135821 1.4754e-17 0 0 0 0
Plastic strain_rate_mean 0 0 0 0 0 0 0 0 0
Dissipation 0.000657279
End step 8
Begin step 9
Stress 2.69875e-12 27.5416 -1.85291e-12 27.5416 -2.68796e-12 1.03217e-12 -1.85291e-12 1.03217e-12 3.2402e-15
Strain 0 0.0003 0 0.0003 0 0 0 0 0
Strain mean 2.15534e-20 0.0003 -9.26456e-18 0.0003 1.36019e-33 5.16087e-18 -9.26456e-18 5.16087e-18 -1.97182e-33
Plastic strain_mean -1.3456e-17 0.000162292 0 0.000162292 1.3456e-17 0 0 0 0
Plastic strain_rate_mean 0 0 0 0 0 0 0 0 0
Dissipation 0.000727584
End step 9
Begin step 10
Stress 2.40697e-12 28.6946 -1.50337e-12 28.6946 -2.40613e-12 1.02417e-12 -1.50337e-12 1.02417e-12 2.53277e-16
Strain 0 0.000333333 0 0.000333333 0 0 0 0 0
Strain mean 1.68477e-21 0.000333333 -7.51687e-18 0.000333333 6.28335e-33 5.12084e-18 -7.51687e-18 5.12084e-18 -1.73484e-33
Plastic strain_mean -1.20319e-17 0.00018986 0 0.00018986 1.20319e-17 0 0 0 0
Plastic strain_rate_mean 0 0 0 0 0 0 0 0 0
Dissipation 0.000789279
End step 10
Begin step 11
Stress 2.12009e-12 29.6636 -1.23055e-12 29.6636 -2.12442e-12 1.00863e-12 -1.23055e-12 1.00863e-12 -1.30132e-15
Strain 0 0.000366667 0 0.000366667 0 0 0 0 0
Strain mean -8.65624e-21 0.000366667 -6.15277e-18 0.000366667 -4.92316e-33 5.04316e-18 -6.15277e-18 5.04316e-18 -1.19468e-33
Plastic strain_mean -1.06156e-17 0.000218348 0 0.000218348 1.06156e-17 0 0 0 0
Plastic strain_rate_mean 0 0 0 0 0 0 0 0 0
Dissipation 0.000842946
End step 11
Begin step 12
Stress 1.85327e-12 30.4786 -9.75632e-13 30.4786 -1.86276e-12 9.85802e-13 -9.75632e-13 9.85802e-13 -2.85155e-15
Strain 0 0.0004 0 0.0004 0 0 0 0 0
Strain mean -1.89682e-20 0.0004 -4.87816e-18 0.0004 8.96159e-33 4.92901e-18 -4.87816e-18 4.92901e-18 -1.32107e-33
Plastic strain_mean -9.29956e-18 0.000247607 0 0.000247607 9.29956e-18 0 0 0 0
Plastic strain_rate_mean 0 0 0 0 0 0 0 0 0
Dissipation 0.000889312
End step 12
Begin step 13
Stress 3.03876e-12 31.1643 -3.23827e-12 31.1643 -3.08941e-12 3.09237e-12 -3.23827e-12 3.09237e-12 -1.52075e-14
Strain 0 0.000433333 0 0.000433333 0 0 0 0 0
Strain mean -1.01159e-19 0.000433333 -1.61913e-17 0.000433333 -1.16519e-32 1.54618e-17 -1.61913e-17 1.54618e-17 4.73357e-33
Plastic strain_mean -1.5371e-17 0.000277512 0 0.000277512 1.5371e-17 0 0 0 0
Plastic strain_rate_mean 0 0 0 0 0 0 0 0 0
Dissipation 0.000929159
End step 13
Begin step 14
Stress 3.54227e-12 31.7419 -2.59561e-12 31.7419 -3.61198e-12 3.329e-12 -2.59561e-12 3.329e-12 -2.09303e-14
Strain 0 0.000466667 0 0.000466667 0 0 0 0 0
Strain mean -1.39226e-19 0.000466667 -1.2978e-17 0.000466667 1.3963e-33 1.6645e-17 -1.2978e-17 1.6645e-17 4.84793e-33
Plastic strain_mean -1.79552e-17 0.000307957 0 0.000307957 1.79552e-17 0 0 0 0
Plastic strain_rate_mean 0 0 0 0 0 0 0 0 0
Dissipation 0.000963261
End step 14
Begin step 15
Stress 3.74538e-12 32.2287 -2.08539e-12 32.2287 -3.6875e-12 3.50398e-12 -2.08539e-12 3.50398e-12 1.73801e-14
Strain 0 0.0005 0 0.0005 0 0 0 0 0
Strain mean 1.1561e-19 0.0005 -1.04269e-17 0.0005 -3.41853e-33 1.75199e-17 -1.04269e-17 1.75199e-17 3.73751e-33
Plastic strain_mean -1.85244e-17 0.000338857 0 0.000338857 1.85244e-17 0 0 0 0
Plastic strain_rate_mean 0 0 0 0 0 0 0 0 0
Dissipation 0.000992351
End step 15
Begin step 16
Stress 3.6019e-12 32.6395 -1.6306e-12 32.6395 -3.59013e-12 3.61908e-12 -1.6306e-12 3.61908e-12 3.53496e-15
Strain 0 0.000533333 0 0.000533333 0 0 0 0 0
Strain mean 2.35142e-20 0.000533333 -8.15298e-18 0.000533333 2.81667e-33 1.80954e-17 -8.15298e-18 1.80954e-17 3.16274e-33
Plastic strain_mean -1.79683e-17 0.000370136 0 0.000370136 1.79683e-17 0 0 0 0
Plastic strain_rate_mean 0 0 0 0 0 0 0 0 0
Dissipation 0.0010171
End step 16
Begin step 17
Stress 3.35594e-12 32.9866 -1.27747e-12 32.9866 -3.35957e-12 3.67143e-12 -1.27747e-12 3.67143e-12 -1.09171e-15
Strain 0 0.000566667 0 0.000566667 0 0 0 0 0
Strain mean -7.26194e-21 0.000566667 -6.38737e-18 0.000566667 3.03334e-33 1.83572e-17 -6.38737e-18 1.83572e-17 2.64815e-33
Plastic strain_mean -1.67924e-17 0.000401734 0 0.000401734 1.67924e-17 0 0 0 0
Plastic strain_rate_mean 0 0 0 0 0 0 0 0 0
Dissipation 0.00103812
End step 17
Begin step 18
Stress 3.0084e-12 33.2803 -9.80267e-13 33.2803 -3.06171e-12 3.63535e-12 -9.80267e-13 3.63535e-12 -1.60067e-14
Strain 0 0.0006 0 0.0006 0 0 0 0 0
Strain mean -1.06475e-19 0.0006 -4.90134e-18 0.0006 -1.44445e-33 1.81768e-17 -4.90134e-18 1.81768e-17 1.92593e-33
Plastic strain_mean -1.52285e-17 0.000433599 0 0.000433599 1.52285e-17 0 0 0 0
Plastic strain_rate_mean 0 0 0 0 0 0 0 0 0
Dissipation 0.00105594
End step 18
Begin step 19
Stress 1.50218e-12 33.5292 -9.00377e-13 33.5292 -1.46953e-12 8.16876e-12 -9.00377e-13 8.16876e-12 9.80357e-15
Strain 0 0.000633333 0 0.000633333 0 0 0 0 0
Strain mean 6.52122e-20 0.000633333 -4.50188e-18 0.000633333 1.10741e-33 4.08438e-17 -4.50188e-18 4.08438e-17 -3.91205e-35
Plastic strain_mean -7.39666e-18 0.000465687 0 0.000465687 7.39666e-18 0 0 0 0
Plastic strain_rate_mean 0 0 0 0 0 0 0 0 0
Dissipation 0.00107103
End step 19
Begin step 20
Stress 3.09246e-13 33.7406 -1.96612e-13 33.7406 -3.01495e-13 5.41684e-12 -1.96612e-13 5.41684e-12 2.32753e-15
Strain 0 0.000666667 0 0.000666667 0 0 0 0 0
Strain mean 1.54825e-20 0.000666667 -9.83058e-19 0.000666667 1.48297e-32 2.70842e-17 -9.83058e-19 2.70842e-17 -3.31019e-34
Plastic strain_mean -1.51911e-18 0.000497964 0 0.000497964 1.51911e-18 0 0 0 0
Plastic strain_rate_mean 0 0 0 0 0 0 0 0 0
Dissipation 0.0010838
End step 20
Begin step 21
Stress -6.86009e-13 33.9205 4.47595e-13 33.9205 6.25523e-13 3.47738e-13 4.47595e-13 3.47738e-13 -1.81617e-14
Strain 0 0.0007 0 0.0007 0 0 0 0 0
Strain mean -1.2081e-19 0.0007 2.23798e-18 0.0007 -1.95e-33 1.73869e-18 2.23798e-18 1.73869e-18 -7.52316e-34
Plastic strain_mean 3.21842e-18 0.000530398 0 0.000530398 -3.21842e-18 0 0 0 0
Plastic strain_rate_mean 0 0 0 0 0 0 0 0 0
Dissipation 0.0010946
End step 21
Begin step 22
Stress -1.13464e-12 34.0741 3.78063e-13 34.0741 1.04836e-12 -8.76777e-13 3.78063e-13 -8.76777e-13 -2.59085e-14
Strain 0 0.000733333 0 0.000733333 0 0 0 0 0
Strain mean -1.7234e-19 0.000733333 1.89031e-18 0.000733333 -2.32917e-33 -4.38389e-18 1.89031e-18 -4.38389e-18 -8.47108e-34
Plastic strain_mean 5.37132e-18 0.000562963 0 0.000562963 -5.37132e-18 0 0 0 0
Plastic strain_rate_mean 0 0 0 0 0 0 0 0 0
Dissipation 0.00110374
End step 22
Begin step 23
Stress -8.19128e-13 34.2055 -1.29191e-12 34.2055 8.13223e-13 3.09177e-12 -1.29191e-12 3.09177e-12 -1.77294e-15
Strain 0 0.000766667 0 0.000766667 0 0 0 0 0
Strain mean -1.17934e-20 0.000766667 -6.45957e-18 0.000766667 3.73751e-33 1.54588e-17 -6.45957e-18 1.54588e-17 8.1852e-34
Plastic strain_mean 4.07498e-18 0.000595639 0 0.000595639 -4.07498e-18 0 0 0 0
Plastic strain_rate_mean 0 0 0 0 0 0 0 0 0
Dissipation 0.00111147
End step 23
Begin step 24
Stress -3.77568e-13 34.3184 -2.5499e-12 34.3184 2.72566e-13 5.20843e-12 -2.5499e-12 5.20843e-12 -3.15286e-14
Strain 0 0.0008 0 0.0008 0 0 0 0 0
Strain mean -2.09725e-19 0.0008 -1.27495e-17 0.0008 1.20822e-33 2.60421e-17 -1.27495e-17 2.60421e-17 3.00174e-33
Plastic strain_mean 1.52047e-18 0.000628408 0 0.000628408 -1.52047e-18 0 0 0 0
Plastic strain_rate_mean 0 0 0 0 0 0 0 0 0
Dissipation 0.00111801
End step 24
Begin step 25
Stress 1.46979e-14 34.4158 -2.27008e-12 34.4158 1.95078e-14 3.52337e-12 -2.27008e-12 3.52337e-12 1.02708e-14
Strain 0 0.000833333 0 0.000833333 0 0 0 0 0
Strain mean 6.83204e-20 0.000833333 -1.13504e-17 0.000833333 -2.03727e-33 1.76168e-17 -1.13504e-17 1.76168e-17 2.29456e-33
Plastic strain_mean 4.61849e-20 0.000661254 0 0.000661254 -4.61849e-20 0 0 0 0
Plastic strain_rate_mean 0 0 0 0 0 0 0 0 0
Dissipation 0.00112356
End step 25
Begin step 26
Stress 6.07132e-13 34.5001 -3.62331e-12 34.5001 -6.45555e-13 6.59597e-12 -3.62331e-12 6.59597e-12 -1.15372e-14
Strain 0 0.000866667 0 0.000866667 0 0 0 0 0
Strain mean -7.67442e-20 0.000866667 -1.81166e-17 0.000866667 -5.16992e-33 3.29799e-17 -1.81166e-17 3.29799e-17 3.81432e-33
Plastic strain_mean -3.17009e-18 0.000694166 0 0.000694166 3.17009e-18 0 0 0 0
Plastic strain_rate_mean 0 0 0 0 0 0 0 0 0
Dissipation 0.00112826
End step 26
Begin step 27
Stress 1.13853e-12 34.5735 -3.74969e-12 34.5735 -1.30897e-12 6.3985e-12 -3.74969e-12 6.3985e-12 -5.11795e-14
Strain 0 0.0009 0 0.0009 0 0 0 0 0
Strain mean -3.4044e-19 0.0009 -1.87485e-17 0.0009 -5.05557e-33 3.19925e-17 -1.87485e-17 3.19925e-17 3.69358e-33
Plastic strain_mean -6.28897e-18 0.000727132 0 0.000727132 6.28897e-18 0 0 0 0
Plastic strain_rate_mean 0 0 0 0 0 0 0 0 0
Dissipation 0.00113225
End step 27
Begin step 28
Stress 1.86571e-12 34.6378 -3.86163e-12 34.6378 -1.87418e-12 6.0539e-12 -3.86163e-12 6.0539e-12 -2.54587e-15
Strain 0 0.000933333 0 0.000933333 0 0 0 0 0
Strain mean -1.69348e-20 0.000933333 -1.93082e-17 0.000933333 5.42872e-33 3.02695e-17 -1.93082e-17 3.02695e-17 2.45932e-33
Plastic strain_mean -9.35819e-18 0.000760145 0 0.000760145 9.35819e-18 0 0 0 0
Plastic strain_rate_mean 0 0 0 0 0 0 0 0 0
Dissipation 0.00113564
End step 28
Begin step 29
Stress 2.36031e-12 34.6943 -3.90201e-12 34.6943 -2.30823e-12 5.69634e-12 -3.90201e-12 5.69634e-12 1.56377e-14
Strain 0 0.000966667 0 0.000966667 0 0 0 0 0
Strain mean 1.0402e-19 0.000966667 -1.95101e-17 0.000966667 -2.99723e-33 2.84817e-17 -1.95101e-17 2.84817e-17 2.89792e-33
Plastic strain_mean -1.16193e-17 0.000793195 0 0.000793195 1.16193e-17 0 0 0 0
Plastic strain_rate_mean 0 0 0 0 0 0 0 0 0
Dissipation 0.00113853
End step 29
Begin step 30
Stress 2.72322e-12 34.7444 -3.77181e-12 34.7444 -2.62799e-12 5.3304e-12 -3.77181e-12 5.3304e-12 2.85941e-14
Strain 0 0.001 0 0.001 0 0 0 0 0
Strain mean 1.90205e-19 0.001 -1.88591e-17 0.001 8.64261e-33 2.6652e-17 -1.88591e-17 2.6652e-17 3.46066e-33
Plastic strain_mean -1.32829e-17 0.000826278 0 0.000826278 1.32829e-17 0 0 0 0
Plastic strain_rate_mean 0 0 0 0 0 0 0 0 0
Dissipation 0.001141
End step 30
