Begin step 0
Stress 0 0 0 0 0 0 0 0 0
Strain 0 0 0 0 0 0 0 0 0
Strain mean 0 0 0 0 0 0 0 0 0
Plastic strain_mean 0 0 0 0 0 0 0 0 0
Plastic strain_rate_mean 0 0 0 0 0 0 0 0 0
Dissipation 0
End step 0
Begin step 1
Stress 2.23053e-13 63.9696 -1.12656e-12 63.9696 -2.12378e-13 3.08543e-13 -1.12656e-12 3.08543e-13 3.20527e-15
Strain 0 0.000333333 0 0.000333333 0 0 0 0 0
Strain mean 2.13211e-20 0.000333333 -5.6328e-18 0.000333333 6.12446e-32 1.54271e-18 -5.6328e-18 1.54271e-18 -6.2683e-33
Plastic strain_mean -1.07792e-18 1.34851e-05 0 1.34851e-05 1.07792e-18 0 0 0 0
Plastic strain_rate_mean 0 0 0 0 0 0 0 0 0
Dissipation 0.000862558
End step 1
Begin step 2
Stress -6.95036e-13 100.837 -1.42724e-12 100.837 6.51798e-13 -1.42041e-12 -1.42724e-12 -1.42041e-12 -1.29826e-14
Strain 0 0.000666667 0 0.000666667 0 0 0 0 0
Strain mean -8.6359e-20 0.000666667 -7.1362e-18 0.000666667 8.30557e-34 -7.10207e-18 -7.1362e-18 -7.10207e-18 7.96703e-34
Plastic strain_mean 3.32391e-18 0.00016248 0 0.00016248 -3.32391e-18 0 0 0 0
Plastic strain_rate_mean 0 0 0 0 0 0 0 0 0
Dissipation 0.0150142
End step 2
Begin step 3
Stress 8.86485e-13 103.477 -1.7315e-12 103.477 -8.41721e-13 -9.56147e-13 -1.7315e-12 -9.56147e-13 1.34412e-14
Strain 0 0.001 0 0.001 0 0 0 0 0
Strain mean 8.9409e-20 0.001 -8.6575e-18 0.001 -1.08334e-34 -4.78074e-18 -8.6575e-18 -4.78074e-18 1.74537e-34
Plastic strain_mean -4.27581e-18 0.000482616 0 0.000482616 4.27581e-18 0 0 0 0
Plastic strain_rate_mean 0 0 0 0 0 0 0 0 0
Dissipation 0.0330896
End step 3
Begin step 4
Stress -1.32007e-12 103.772 -1.7384e-13 103.772 1.31111e-12 1.23913e-12 -1.7384e-13 1.23913e-12 -2.68998e-15
Strain 0 0.00133333 0 0.00133333 0 0 0 0 0
Strain mean -1.78934e-20 0.00133333 -8.69201e-19 0.00133333 -4.50186e-32 6.19566e-18 -8.69201e-19 6.19566e-18 3.40799e-33
Plastic strain_mean 6.56899e-18 0.000814472 0 0.000814472 -6.56899e-18 0 0 0 0
Plastic strain_rate_mean 0 0 0 0 0 0 0 0 0
Dissipation 0.0343849
End step 4
Begin step 5
Stress 2.38077e-12 103.989 -3.30795e-12 103.989 -2.22687e-12 -2.5079e-12 -3.30795e-12 -2.5079e-12 4.621e-14
Strain 0 0.00166667 0 0.00166667 0 0 0 0 0
Strain mean 3.07383e-19 0.00166667 -1.65398e-17 0.00166667 2.76852e-34 -1.25395e-17 -1.65398e-17 -1.25395e-17 1.59491e-34
Plastic strain_mean -1.13654e-17 0.00114672 0 0.00114672 1.13654e-17 0 0 0 0
Plastic strain_rate_mean 0 0 0 0 0 0 0 0 0
Dissipation 0.0344852
End step 5
Begin step 6
Stress 1.02507e-12 104.201 -1.19933e-12 104.201 -1.1135e-12 -1.11765e-12 -1.19933e-12 -1.11765e-12 -2.65504e-14
Strain 0 0.002 0 0.002 0 0 0 0 0
Strain mean -1.7661e-19 0.002 -5.99665e-18 0.002 3.37038e-34 -5.58825e-18 -5.99665e-18 -5.58825e-18 -4.87501e-34
Plastic strain_mean -5.43473e-18 0.001479 0 0.001479 5.43473e-18 0 0 0 0
Plastic strain_rate_mean 0 0 0 0 0 0 0 0 0
Dissipation 0.0345464
End step 6
Begin step 7
Stress 1.79566e-12 104.411 1.14697e-12 104.411 -1.77053e-12 -2.14117e-12 1.14697e-12 -2.14117e-12 7.54591e-15
Strain 0 0.00233333 0 0.00233333 0 0 0 0 0
Strain mean 5.01945e-20 0.00233333 5.73485e-18 0.00233333 -7.22224e-34 -1.07058e-17 5.73485e-18 -1.07058e-17 -5.35649e-33
Plastic strain_mean -8.8904e-18 0.00181128 0 0.00181128 8.8904e-18 0 0 0 0
Plastic strain_rate_mean 0 0 0 0 0 0 0 0 0
Dissipation 0.0346062
End step 7
Begin step 8
Stress -7.9194e-13 104.621 7.23454e-13 104.621 5.78706e-13 6.2472e-13 7.23454e-13 6.2472e-13 -6.40267e-14
Strain 0 0.00266667 0 0.00266667 0 0 0 0 0
Strain mean -4.25898e-19 0.00266667 3.61727e-18 0.00266667 1.68519e-34 3.1236e-18 3.61727e-18 3.1236e-18 4.15279e-34
Plastic strain_mean 3.21367e-18 0.00214356 0 0.00214356 -3.21367e-18 0 0 0 0
Plastic strain_rate_mean 0 0 0 0 0 0 0 0 0
Dissipation 0.0346658
End step 8
Begin step 9
Stress -2.20044e-12 104.83 -1.02232e-12 104.83 2.58287e-12 5.05348e-13 -1.02232e-12 5.05348e-13 1.14831e-13
Strain 0 0.003 0 0.003 0 0 0 0 0
Strain mean 7.6384e-19 0.003 -5.1116e-18 0.003 -1.72371e-32 2.52674e-18 -5.1116e-18 2.52674e-18 -1.19543e-33
Plastic strain_mean 1.23402e-17 0.00247585 0 0.00247585 -1.23402e-17 0 0 0 0
Plastic strain_rate_mean 0 0 0 0 0 0 0 0 0
Dissipation 0.0347254
End step 9
Begin step 10
Stress -1.74581e-12 105.039 -1.22436e-12 105.039 1.30026e-12 -2.22058e-13 -1.22436e-12 -2.22058e-13 -1.33783e-13
Strain 0 0.00333333 0 0.00333333 0 0 0 0 0
Strain mean -8.89907e-19 0.00333333 -6.12178e-18 0.00333333 -8.72687e-34 -1.11029e-18 -6.12178e-18 -1.11029e-18 2.66696e-34
Plastic strain_mean 7.17022e-18 0.00280814 0 0.00280814 -7.17022e-18 0 0 0 0
Plastic strain_rate_mean 0 0 0 0 0 0 0 0 0
Dissipation 0.0347851
End step 10
Begin step 11
Stress -7.94114e-14 105.249 -2.8851e-12 105.249 -6.0703e-13 -1.52444e-12 -2.8851e-12 -1.52444e-12 -2.06115e-13
Strain 0 0.00366667 0 0.00366667 0 0 0 0 0
Strain mean -1.37105e-18 0.00366667 -1.44255e-17 0.00366667 1.72852e-32 -7.6222e-18 -1.44255e-17 -7.6222e-18 5.19098e-33
Plastic strain_mean -2.00457e-18 0.00314042 0 0.00314042 2.00457e-18 0 0 0 0
Plastic strain_rate_mean 0 0 0 0 0 0 0 0 0
Dissipation 0.0348449
End step 11
Begin step 12
Stress -2.46779e-13 105.458 -3.23883e-12 105.458 -6.09993e-13 -1.79843e-12 -3.23883e-12 -1.79843e-12 -2.5726e-13
Strain 0 0.004 0 0.004 0 0 0 0 0
Strain mean -1.71126e-18 0.004 -1.61942e-17 0.004 2.05112e-32 -8.99214e-18 -1.61942e-17 -8.99214e-18 6.09677e-33
Plastic strain_mean -1.76367e-18 0.00347271 0 0.00347271 1.76367e-18 0 0 0 0
Plastic strain_rate_mean 0 0 0 0 0 0 0 0 0
Dissipation 0.0349048
End step 12
Begin step 13
Stress 1.84648e-13 105.667 -3.32918e-12 105.667 -6.37321e-13 -1.82693e-12 -3.32918e-12 -1.82693e-12 -1.35922e-13
Strain 0 0.00433333 0 0.00433333 0 0 0 0 0
Strain mean -9.04141e-19 0.00433333 -1.66459e-17 0.00433333 1.12366e-32 -9.13467e-18 -1.66459e-17 -9.13467e-18 6.51807e-33
Plastic strain_mean -2.50699e-18 0.003805 0 0.003805 2.50699e-18 0 0 0 0
Plastic strain_rate_mean 0 0 0 0 0 0 0 0 0
Dissipation 0.0349647
End step 13
Begin step 14
Stress 1.7364e-13 105.877 -1.60265e-12 105.877 -1.79138e-13 -1.31442e-12 -1.60265e-12 -1.31442e-12 -1.65067e-15
Strain 0 0.00466667 0 0.00466667 0 0 0 0 0
Strain mean -1.09801e-20 0.00466667 -8.01325e-18 0.00466667 2.96112e-33 -6.57211e-18 -8.01325e-18 -6.57211e-18 4.21598e-33
Plastic strain_mean -8.87435e-19 0.00413728 0 0.00413728 8.87435e-19 0 0 0 0
Plastic strain_rate_mean 0 0 0 0 0 0 0 0 0
Dissipation 0.0350248
End step 14
Begin step 15
Stress -7.18846e-13 106.087 -1.73902e-12 106.087 3.03781e-13 -1.07269e-12 -1.73902e-12 -1.07269e-12 -1.2463e-13
Strain 0 0.005 0 0.005 0 0 0 0 0
Strain mean -8.29023e-19 0.005 -8.69511e-18 0.005 -1.24704e-32 -5.36346e-18 -8.69511e-18 -5.36346e-18 1.77547e-34
Plastic strain_mean 2.14206e-18 0.00446957 0 0.00446957 -2.14206e-18 0 0 0 0
Plastic strain_rate_mean 0 0 0 0 0 0 0 0 0
Dissipation 0.0350849
End step 15
Begin step 16
Stress 3.30765e-13 106.297 -1.43007e-12 106.297 -4.08542e-13 -8.54753e-13 -1.43007e-12 -8.54753e-13 -2.33539e-14
Strain 0 0.00533333 0 0.00533333 0 0 0 0 0
Strain mean -1.55347e-19 0.00533333 -7.15035e-18 0.00533333 1.56482e-34 -4.27377e-18 -7.15035e-18 -4.27377e-18 3.20637e-33
Plastic strain_mean -1.92594e-18 0.00480185 0 0.00480185 1.92594e-18 0 0 0 0
Plastic strain_rate_mean 0 0 0 0 0 0 0 0 0
Dissipation 0.0351452
End step 16
Begin step 17
Stress 6.27899e-13 106.507 -1.31085e-12 106.507 -9.56227e-13 -1.18856e-12 -1.31085e-12 -1.18856e-12 -9.85859e-14
Strain 0 0.00566667 0 0.00566667 0 0 0 0 0
Strain mean -6.55782e-19 0.00566667 -6.55423e-18 0.00566667 1.63824e-32 -5.94282e-18 -6.55423e-18 -5.94282e-18 4.00232e-34
Plastic strain_mean -4.28821e-18 0.00513413 0 0.00513413 4.28821e-18 0 0 0 0
Plastic strain_rate_mean 0 0 0 0 0 0 0 0 0
Dissipation 0.0352054
End step 17
Begin step 18
Stress 2.9345e-12 106.717 2.51202e-12 106.717 -3.34177e-12 -3.12185e-12 2.51202e-12 -3.12185e-12 -1.22289e-13
Strain 0 0.006 0 0.006 0 0 0 0 0
Strain mean -8.13454e-19 0.006 1.25601e-17 0.006 3.4089e-32 -1.56093e-17 1.25601e-17 -1.56093e-17 -8.57641e-34
Plastic strain_mean -1.60974e-17 0.00546642 0 0.00546642 1.60974e-17 0 0 0 0
Plastic strain_rate_mean 0 0 0 0 0 0 0 0 0
Dissipation 0.0352658
End step 18
Begin step 19
Stress -3.62818e-12 106.927 9.56199e-13 106.927 2.95209e-12 1.52986e-12 9.56199e-13 1.52986e-12 -2.03006e-13
Strain 0 0.00633333 0 0.00633333 0 0 0 0 0
Strain mean -1.35037e-18 0.00633333 4.781e-18 0.00633333 -1.26148e-32 7.64929e-18 4.781e-18 7.64929e-18 -2.41059e-34
Plastic strain_mean 1.57755e-17 0.0057987 0 0.0057987 -1.57755e-17 0 0 0 0
Plastic strain_rate_mean 0 0 0 0 0 0 0 0 0
Dissipation 0.0353262
End step 19
Begin step 20
Stress -1.24503e-12 107.138 1.71016e-13 107.138 8.93893e-13 1.01529e-12 1.71016e-13 1.01529e-12 -1.05433e-13
Strain 0 0.00666667 0 0.00666667 0 0 0 0 0
Strain mean -7.01329e-19 0.00666667 8.55079e-19 0.00666667 5.65742e-34 5.07647e-18 8.55079e-19 5.07647e-18 2.44352e-33
Plastic strain_mean 4.99663e-18 0.00613098 0 0.00613098 -4.99663e-18 0 0 0 0
Plastic strain_rate_mean 0 0 0 0 0 0 0 0 0
Dissipation 0.0353866
End step 20
Begin step 21
Stress 1.60069e-12 107.348 -4.57345e-12 107.348 -9.89869e-13 -2.80995e-12 -4.57345e-12 -2.80995e-12 1.83408e-13
Strain 0 0.007 0 0.007 0 0 0 0 0
Strain mean 1.22001e-18 0.007 -2.28673e-17 0.007 3.12964e-34 -1.40498e-17 -2.28673e-17 -1.40498e-17 -2.30961e-33
Plastic strain_mean -5.86638e-18 0.00646326 0 0.00646326 5.86638e-18 0 0 0 0
Plastic strain_rate_mean 0 0 0 0 0 0 0 0 0
Dissipation 0.0354471
End step 21
Begin step 22
Stress 4.16326e-13 107.559 -3.23264e-12 107.559 -9.94624e-13 -2.2156e-12 -3.23264e-12 -2.2156e-12 -1.73643e-13
Strain 0 0.00733333 0 0.00733333 0 0 0 0 0
Strain mean -1.15506e-18 0.00733333 -1.61632e-17 0.00733333 -1.87778e-33 -1.1078e-17 -1.61632e-17 -1.1078e-17 -1.68368e-33
Plastic strain_mean -4.1049e-18 0.00679554 0 0.00679554 4.1049e-18 0 0 0 0
Plastic strain_rate_mean 0 0 0 0 0 0 0 0 0
Dissipation 0.0355076
End step 22
Begin step 23
Stress 7.206e-13 107.77 -2.97361e-12 107.77 -7.26184e-13 -1.72031e-12 -2.97361e-12 -1.72031e-12 -1.67687e-15
Strain 0 0.00766667 0 0.00766667 0 0 0 0 0
Strain mean -1.11543e-20 0.00766667 -1.48681e-17 0.00766667 -2.31112e-33 -8.60153e-18 -1.48681e-17 -8.60153e-18 -1.4279e-33
Plastic strain_mean -3.62254e-18 0.00712782 0 0.00712782 3.62254e-18 0 0 0 0
Plastic strain_rate_mean 0 0 0 0 0 0 0 0 0
Dissipation 0.0355681
End step 23
Begin step 24
Stress 8.9766e-13 107.981 -2.11826e-12 107.981 -3.33499e-13 -1.31338e-12 -2.11826e-12 -1.31338e-12 1.69399e-13
Strain 0 0.008 0 0.008 0 0 0 0 0
Strain mean 1.12682e-18 0.008 -1.05913e-17 0.008 7.10187e-34 -6.56692e-18 -1.05913e-17 -6.56692e-18 -1.18683e-33
Plastic strain_mean -2.51449e-18 0.00746009 0 0.00746009 2.51449e-18 0 0 0 0
Plastic strain_rate_mean 0 0 0 0 0 0 0 0 0
Dissipation 0.0356287
End step 24
Begin step 25
Stress 2.20336e-12 108.192 -7.02851e-13 108.192 -2.23036e-12 4.99569e-14 -7.02851e-13 4.99569e-14 -8.10487e-15
Strain 0 0.00833333 0 0.00833333 0 0 0 0 0
Strain mean -5.39127e-20 0.00833333 -3.51425e-18 0.00833333 3.20475e-31 2.49784e-19 -3.51425e-18 2.49784e-19 -1.28646e-33
Plastic strain_mean -1.11113e-17 0.00779237 0 0.00779237 1.11113e-17 0 0 0 0
Plastic strain_rate_mean 0 0 0 0 0 0 0 0 0
Dissipation 0.0356893
End step 25
Begin step 26
Stress -2.92501e-12 108.404 7.03064e-13 108.404 3.11511e-12 -2.93213e-13 7.03064e-13 -2.93213e-13 5.70834e-14
Strain 0 0.00866667 0 0.00866667 0 0 0 0 0
Strain mean 3.79712e-19 0.00866667 3.51532e-18 0.00866667 1.90667e-32 -1.46607e-18 3.51532e-18 -1.46607e-18 9.76507e-34
Plastic strain_mean 1.52902e-17 0.00812465 0 0.00812465 -1.52902e-17 0 0 0 0
Plastic strain_rate_mean 0 0 0 0 0 0 0 0 0
Dissipation 0.0357499
End step 26
Begin step 27
Stress 1.87629e-12 108.615 2.66648e-12 108.615 -1.8877e-12 -5.90731e-14 2.66648e-12 -5.90731e-14 -3.42361e-15
Strain 0 0.009 0 0.009 0 0 0 0 0
Strain mean -2.27735e-20 0.009 1.33324e-17 0.009 -2.75528e-32 -2.95365e-19 1.33324e-17 -2.95365e-19 1.53021e-33
Plastic strain_mean -9.42137e-18 0.00845693 0 0.00845693 9.42137e-18 0 0 0 0
Plastic strain_rate_mean 0 0 0 0 0 0 0 0 0
Dissipation 0.0358105
End step 27
Begin step 28
Stress -2.11695e-12 108.826 -3.31315e-12 108.826 1.03261e-12 2.29155e-14 -3.31315e-12 2.29155e-14 -3.25592e-13
Strain 0 0.00933333 0 0.00933333 0 0 0 0 0
Strain mean -2.1658e-18 0.00933333 -1.65658e-17 0.00933333 -3.17778e-32 1.14578e-19 -1.65658e-17 1.14578e-19 -8.42594e-35
Plastic strain_mean 6.79099e-18 0.0087892 0 0.0087892 -6.79099e-18 0 0 0 0
Plastic strain_rate_mean 0 0 0 0 0 0 0 0 0
Dissipation 0.0358711
End step 28
Begin step 29
Stress 1.8482e-13 109.038 1.65752e-12 109.038 -1.40459e-12 3.43035e-13 1.65752e-12 3.43035e-13 -3.66256e-13
Strain 0 0.00966667 0 0.00966667 0 0 0 0 0
Strain mean -2.43629e-18 0.00966667 8.28759e-18 0.00966667 2.66019e-33 1.71517e-18 8.28759e-18 1.71517e-18 1.67315e-33
Plastic strain_mean -5.19168e-18 0.00912148 0 0.00912148 5.19168e-18 0 0 0 0
Plastic strain_rate_mean 0 0 0 0 0 0 0 0 0
Dissipation 0.0359318
End step 29
Begin step 30
Stress 2.601e-12 109.249 3.34036e-12 109.249 -1.87739e-12 -7.11692e-14 3.34036e-12 -7.11692e-14 2.17277e-13
Strain 0 0.01 0 0.01 0 0 0 0 0
Strain mean 1.4453e-18 0.01 1.67018e-17 0.01 -2.02223e-32 -3.55846e-19 1.67018e-17 -3.55846e-19 1.84242e-33
Plastic strain_mean -1.04733e-17 0.00945375 0 0.00945375 1.04733e-17 0 0 0 0
Plastic strain_rate_mean 0 0 0 0 0 0 0 0 0
Dissipation 0.0359924
End step 30
