Begin step 0
Stress 0 0 0 0 0 0 0 0 0
Strain 0 0 0 0 0 0 0 0 0
Strain mean 0 0 0 0 0 0 0 0 0
Plastic strain_mean 0 0 0 0 0 0 0 0 0
Plastic strain_rate_mean 0 0 0 0 0 0 0 0 0
Dissipation 0
End step 0
Begin step 1
Stress 1.0036e-12 54.7697 -4.56046e-13 54.7697 -9.8952e-13 2.60327e-12 -4.56046e-13 2.60327e-12 4.22711e-15
Strain 0 0.000333333 0 0.000333333 0 0 0 0 0
Strain mean 2.81182e-20 0.000333333 -2.28023e-18 0.000333333 -1.66111e-33 1.30163e-17 -2.28023e-18 1.30163e-17 -2.63612e-33
Plastic strain_mean -4.96874e-18 5.94848e-05 0 5.94848e-05 4.96874e-18 0 0 0 0
Plastic strain_rate_mean 0 0 0 0 0 0 0 0 0
Dissipation 0.00325663
End step 1
Begin step 2
Stress 1.56896e-12 91.1742 9.98569e-13 91.1742 -1.55986e-12 1.26951e-12 9.98569e-13 1.26951e-12 2.73365e-15
Strain 0 0.000666667 0 0.000666667 0 0 0 0 0
Strain mean 1.81839e-20 0.000666667 4.99285e-18 0.000666667 -3.92408e-32 6.34757e-18 4.99285e-18 6.34757e-18 -1.96966e-34
Plastic strain_mean -7.81296e-18 0.000210796 0 0.000210796 7.81296e-18 0 0 0 0
Plastic strain_rate_mean 0 0 0 0 0 0 0 0 0
Dissipation 0.0137807
End step 2
Begin step 3
Stress 3.29509e-12 99.5823 3.86931e-12 99.5823 -3.35856e-12 -6.05014e-13 3.86931e-12 -6.05014e-13 -1.90569e-14
Strain 0 0.001 0 0.001 0 0 0 0 0
Strain mean -1.26764e-19 0.001 1.93466e-17 0.001 5.51297e-33 -3.02507e-18 1.93466e-17 -3.02507e-18 -5.35649e-33
Plastic strain_mean -1.66975e-17 0.000502088 0 0.000502088 1.66975e-17 0 0 0 0
Plastic strain_rate_mean 0 0 0 0 0 0 0 0 0
Dissipation 0.0289365
End step 3
Begin step 4
Stress -4.90583e-12 100.118 4.4898e-12 100.118 4.78451e-12 -7.95859e-13 4.4898e-12 -7.95859e-13 -3.64282e-14
Strain 0 0.00133333 0 0.00133333 0 0 0 0 0
Strain mean -2.42316e-19 0.00133333 2.2449e-17 0.00133333 7.46298e-33 -3.97929e-18 2.2449e-17 -3.97929e-18 -3.12964e-34
Plastic strain_mean 2.41047e-17 0.000832746 0 0.000832746 -2.41047e-17 0 0 0 0
Plastic strain_rate_mean 0 0 0 0 0 0 0 0 0
Dissipation 0.0330099
End step 4
Begin step 5
Stress -8.76932e-13 100.332 7.69123e-13 100.332 8.73616e-13 -5.96978e-13 7.69123e-13 -5.96978e-13 -9.95641e-16
Strain 0 0.00166667 0 0.00166667 0 0 0 0 0
Strain mean -6.62289e-21 0.00166667 3.84562e-18 0.00166667 -1.42037e-33 -2.98489e-18 3.84562e-18 -2.98489e-18 9.8403e-34
Plastic strain_mean 4.37306e-18 0.00116501 0 0.00116501 -4.37306e-18 0 0 0 0
Plastic strain_rate_mean 0 0 0 0 0 0 0 0 0
Dissipation 0.0332248
End step 5
Begin step 6
Stress -4.70619e-13 100.527 1.02064e-12 100.527 4.48165e-13 5.76549e-13 1.02064e-12 5.76549e-13 -6.74241e-15
Strain 0 0.002 0 0.002 0 0 0 0 0
Strain mean -4.48498e-20 0.002 5.1032e-18 0.002 -7.75187e-33 2.88274e-18 5.1032e-18 2.88274e-18 -3.897e-34
Plastic strain_mean 2.27454e-18 0.00149737 0 0.00149737 -2.27454e-18 0 0 0 0
Plastic strain_rate_mean 0 0 0 0 0 0 0 0 0
Dissipation 0.0332846
End step 6
Begin step 7
Stress -5.10507e-13 100.717 -3.07505e-12 100.717 6.56405e-13 -2.41274e-13 -3.07505e-12 -2.41274e-13 4.38082e-14
Strain 0 0.00233333 0 0.00233333 0 0 0 0 0
Strain mean 2.91407e-19 0.00233333 -1.53753e-17 0.00233333 4.21297e-35 -1.20637e-18 -1.53753e-17 -1.20637e-18 -1.44746e-33
Plastic strain_mean 3.06298e-18 0.00182975 0 0.00182975 -3.06298e-18 0 0 0 0
Plastic strain_rate_mean 0 0 0 0 0 0 0 0 0
Dissipation 0.0333365
End step 7
Begin step 8
Stress -1.84576e-12 100.905 -8.76252e-12 100.905 1.72938e-12 -9.09475e-13 -8.76252e-12 -9.09475e-13 -3.49435e-14
Strain 0 0.00266667 0 0.00266667 0 0 0 0 0
Strain mean -2.3244e-19 0.00266667 -4.38126e-17 0.00266667 -2.64815e-34 -4.54738e-18 -4.38126e-17 -4.54738e-18 -6.43983e-34
Plastic strain_mean 8.82164e-18 0.00216214 0 0.00216214 -8.82164e-18 0 0 0 0
Plastic strain_rate_mean 0 0 0 0 0 0 0 0 0
Dissipation 0.0333872
End step 8
Begin step 9
Stress -1.48514e-12 101.093 -1.51879e-12 101.093 1.40262e-12 -9.21051e-13 -1.51879e-12 -9.21051e-13 -2.47775e-14
Strain 0 0.003 0 0.003 0 0 0 0 0
Strain mean -1.64817e-19 0.003 -7.59397e-18 0.003 -6.75279e-33 -4.60525e-18 -7.59397e-18 -4.60525e-18 -4.76893e-33
Plastic strain_mean 7.13699e-18 0.00249454 0 0.00249454 -7.13699e-18 0 0 0 0
Plastic strain_rate_mean 0 0 0 0 0 0 0 0 0
Dissipation 0.0334378
End step 9
Begin step 10
Stress -5.50124e-13 101.28 2.24256e-12 101.28 7.32874e-13 -3.57445e-12 2.24256e-12 -3.57445e-12 5.48738e-14
Strain 0 0.00333333 0 0.00333333 0 0 0 0 0
Strain mean 3.65014e-19 0.00333333 1.12128e-17 0.00333333 1.17963e-33 -1.78722e-17 1.12128e-17 -1.78722e-17 4.98033e-34
Plastic strain_mean 3.39e-18 0.00282693 0 0.00282693 -3.39e-18 0 0 0 0
Plastic strain_rate_mean 0 0 0 0 0 0 0 0 0
Dissipation 0.0334885
End step 10
Begin step 11
Stress 2.31322e-13 101.468 1.98963e-12 101.468 4.38017e-13 -3.1351e-12 1.98963e-12 -3.1351e-12 2.0098e-13
Strain 0 0.00366667 0 0.00366667 0 0 0 0 0
Strain mean 1.33689e-18 0.00366667 9.94817e-18 0.00366667 -9.20835e-34 -1.56755e-17 9.94817e-18 -1.56755e-17 4.36344e-34
Plastic strain_mean 1.18518e-18 0.00315933 0 0.00315933 -1.18518e-18 0 0 0 0
Plastic strain_rate_mean 0 0 0 0 0 0 0 0 0
Dissipation 0.0335395
End step 11
Begin step 12
Stress 2.10167e-13 101.657 -3.89848e-13 101.657 -5.04522e-13 8.42148e-13 -3.89848e-13 8.42148e-13 -8.8385e-14
Strain 0 0.004 0 0.004 0 0 0 0 0
Strain mean -5.87927e-19 0.004 -1.94924e-18 0.004 2.14741e-32 4.21074e-18 -1.94924e-18 4.21074e-18 -2.67825e-34
Plastic strain_mean -2.08069e-18 0.00349172 0 0.00349172 2.08069e-18 0 0 0 0
Plastic strain_rate_mean 0 0 0 0 0 0 0 0 0
Dissipation 0.0335909
End step 12
Begin step 13
Stress 4.81509e-13 101.846 4.07532e-12 101.846 -2.80754e-13 3.97225e-14 4.07532e-12 3.97225e-14 6.028e-14
Strain 0 0.00433333 0 0.00433333 0 0 0 0 0
Strain mean 4.00975e-19 0.00433333 2.03766e-17 0.00433333 1.78149e-33 1.98612e-19 2.03766e-17 1.98612e-19 4.87501e-34
Plastic strain_mean -1.70517e-18 0.0038241 0 0.0038241 1.70517e-18 0 0 0 0
Plastic strain_rate_mean 0 0 0 0 0 0 0 0 0
Dissipation 0.0336427
End step 13
Begin step 14
Stress 5.20354e-13 102.036 1.62554e-12 102.036 -3.85858e-13 -7.90639e-13 1.62554e-12 -7.90639e-13 4.03846e-14
Strain 0 0.00466667 0 0.00466667 0 0 0 0 0
Strain mean 2.68634e-19 0.00466667 8.1277e-18 0.00466667 -2.19075e-33 -3.9532e-18 8.1277e-18 -3.9532e-18 -3.55093e-34
Plastic strain_mean -2.13121e-18 0.00415649 0 0.00415649 2.13121e-18 0 0 0 0
Plastic strain_rate_mean 0 0 0 0 0 0 0 0 0
Dissipation 0.0336948
End step 14
Begin step 15
Stress 1.72653e-12 102.226 -3.10155e-13 102.226 -1.05259e-12 5.34738e-13 -3.10155e-13 5.34738e-13 2.0236e-13
Strain 0 0.005 0 0.005 0 0 0 0 0
Strain mean 1.34607e-18 0.005 -1.55077e-18 0.005 1.12956e-31 2.67369e-18 -1.55077e-18 2.67369e-18 -4.27316e-34
Plastic strain_mean -6.27476e-18 0.00448887 0 0.00448887 6.27476e-18 0 0 0 0
Plastic strain_rate_mean 0 0 0 0 0 0 0 0 0
Dissipation 0.0337474
End step 15
Begin step 16
Stress -2.43512e-12 102.417 1.5106e-12 102.417 1.71704e-12 1.95504e-12 1.5106e-12 1.95504e-12 -2.15617e-13
Strain 0 0.00533333 0 0.00533333 0 0 0 0 0
Strain mean -1.43426e-18 0.00533333 7.55298e-18 0.00533333 -1.08815e-32 9.7752e-18 7.55298e-18 9.7752e-18 -2.66997e-33
Plastic strain_mean 9.66326e-18 0.00482125 0 0.00482125 -9.66326e-18 0 0 0 0
Plastic strain_rate_mean 0 0 0 0 0 0 0 0 0
Dissipation 0.0338002
End step 16
Begin step 17
Stress -1.38132e-12 102.609 -2.17246e-13 102.609 1.14711e-12 9.60407e-13 -2.17246e-13 9.60407e-13 -7.03237e-14
Strain 0 0.00566667 0 0.00566667 0 0 0 0 0
Strain mean -4.67785e-19 0.00566667 -1.08623e-18 0.00566667 3.1489e-32 4.80203e-18 -1.08623e-18 4.80203e-18 -1.22176e-33
Plastic strain_mean 6.08718e-18 0.00515362 0 0.00515362 -6.08718e-18 0 0 0 0
Plastic strain_rate_mean 0 0 0 0 0 0 0 0 0
Dissipation 0.0338535
End step 17
Begin step 18
Stress -1.23961e-12 102.801 -4.13545e-13 102.801 8.84756e-13 5.25772e-13 -4.13545e-13 5.25772e-13 -1.06551e-13
Strain 0 0.006 0 0.006 0 0 0 0 0
Strain mean -7.08766e-19 0.006 -2.06772e-18 0.006 5.34446e-32 2.62886e-18 -2.06772e-18 2.62886e-18 -7.31252e-34
Plastic strain_mean 4.95653e-18 0.00548599 0 0.00548599 -4.95653e-18 0 0 0 0
Plastic strain_rate_mean 0 0 0 0 0 0 0 0 0
Dissipation 0.033907
End step 18
Begin step 19
Stress -2.65241e-12 102.994 2.13736e-12 102.994 2.16538e-12 2.17755e-12 2.13736e-12 2.17755e-12 -1.46237e-13
Strain 0 0.00633333 0 0.00633333 0 0 0 0 0
Strain mean -9.72752e-19 0.00633333 1.06868e-17 0.00633333 8.9315e-33 1.08877e-17 1.06868e-17 1.08877e-17 -5.31436e-33
Plastic strain_mean 1.15581e-17 0.00581836 0 0.00581836 -1.15581e-17 0 0 0 0
Plastic strain_rate_mean 0 0 0 0 0 0 0 0 0
Dissipation 0.0339608
End step 19
Begin step 20
Stress 1.34154e-12 103.187 1.25756e-12 103.187 -1.60611e-12 1.67279e-12 1.25756e-12 1.67279e-12 -7.94417e-14
Strain 0 0.00666667 0 0.00666667 0 0 0 0 0
Strain mean -5.28437e-19 0.00666667 6.28778e-18 0.00666667 -3.1838e-33 8.36397e-18 6.28778e-18 8.36397e-18 -2.88288e-33
Plastic strain_mean -7.63332e-18 0.00615073 0 0.00615073 7.63332e-18 0 0 0 0
Plastic strain_rate_mean 0 0 0 0 0 0 0 0 0
Dissipation 0.0340149
End step 20
Begin step 21
Stress 1.16297e-12 103.381 1.77782e-12 103.381 -1.29048e-12 1.83438e-12 1.77782e-12 1.83438e-12 -3.82885e-14
Strain 0 0.007 0 0.007 0 0 0 0 0
Strain mean -2.54691e-19 0.007 8.88912e-18 0.007 -4.00533e-32 9.17189e-18 8.88912e-18 9.17189e-18 -3.64422e-33
Plastic strain_mean -6.26097e-18 0.00648309 0 0.00648309 6.26097e-18 0 0 0 0
Plastic strain_rate_mean 0 0 0 0 0 0 0 0 0
Dissipation 0.0340692
End step 21
Begin step 22
Stress -1.87696e-12 103.576 9.23332e-13 103.576 1.44019e-12 9.27715e-13 9.23332e-13 9.27715e-13 -1.31145e-13
Strain 0 0.00733333 0 0.00733333 0 0 0 0 0
Strain mean -8.72363e-19 0.00733333 4.61666e-18 0.00733333 -1.82723e-32 4.63858e-18 4.61666e-18 4.63858e-18 -1.92743e-33
Plastic strain_mean 7.8567e-18 0.00681545 0 0.00681545 -7.8567e-18 0 0 0 0
Plastic strain_rate_mean 0 0 0 0 0 0 0 0 0
Dissipation 0.0341237
End step 22
Begin step 23
Stress -1.41927e-12 103.771 9.3776e-13 103.771 1.32695e-12 6.50192e-13 9.3776e-13 6.50192e-13 -2.77207e-14
Strain 0 0.00766667 0 0.00766667 0 0 0 0 0
Strain mean -1.84395e-19 0.00766667 4.6888e-18 0.00766667 -1.95452e-32 3.25096e-18 4.6888e-18 3.25096e-18 -2.60828e-33
Plastic strain_mean 6.77337e-18 0.00714781 0 0.00714781 -6.77337e-18 0 0 0 0
Plastic strain_rate_mean 0 0 0 0 0 0 0 0 0
Dissipation 0.0341785
End step 23
Begin step 24
Stress 3.38185e-13 103.966 -3.43868e-12 103.966 2.74551e-13 -1.68361e-12 -3.43868e-12 -1.68361e-12 1.83984e-13
Strain 0 0.008 0 0.008 0 0 0 0 0
Strain mean 1.22384e-18 0.008 -1.71934e-17 0.008 2.04028e-33 -8.41803e-18 -1.71934e-17 -8.41803e-18 3.82177e-34
Plastic strain_mean 4.52837e-19 0.00748017 0 0.00748017 -4.52837e-19 0 0 0 0
Plastic strain_rate_mean 0 0 0 0 0 0 0 0 0
Dissipation 0.0342335
End step 24
Begin step 25
Stress 3.12796e-13 104.162 -2.66557e-12 104.162 -2.99067e-13 -1.38066e-12 -2.66557e-12 -1.38066e-12 4.1223e-15
Strain 0 0.00833333 0 0.00833333 0 0 0 0 0
Strain mean 2.74211e-20 0.00833333 -1.33278e-17 0.00833333 -1.28797e-33 -6.90332e-18 -1.33278e-17 -6.90332e-18 -1.95602e-34
Plastic strain_mean -1.51595e-18 0.00781252 0 0.00781252 1.51595e-18 0 0 0 0
Plastic strain_rate_mean 0 0 0 0 0 0 0 0 0
Dissipation 0.0342886
End step 25
Begin step 26
Stress 4.47309e-13 104.358 -1.32549e-12 104.358 -4.28899e-14 -1.12945e-12 -1.32549e-12 -1.12945e-12 1.21433e-13
Strain 0 0.00866667 0 0.00866667 0 0 0 0 0
Strain mean 8.0776e-19 0.00866667 -6.62745e-18 0.00866667 -1.58889e-33 -5.64726e-18 -6.62745e-18 -5.64726e-18 5.41668e-34
Plastic strain_mean -8.21616e-19 0.00814488 0 0.00814488 8.21616e-19 0 0 0 0
Plastic strain_rate_mean 0 0 0 0 0 0 0 0 0
Dissipation 0.0343439
End step 26
Begin step 27
Stress 3.22536e-13 104.554 -2.10739e-12 104.554 -7.93625e-15 -9.30613e-13 -2.10739e-12 -9.30613e-13 9.44636e-14
Strain 0 0.009 0 0.009 0 0 0 0 0
Strain mean 6.28361e-19 0.009 -1.0537e-17 0.009 -1.97408e-33 -4.65306e-18 -1.0537e-17 -4.65306e-18 8.24539e-34
Plastic strain_mean -5.11999e-19 0.00847723 0 0.00847723 5.11999e-19 0 0 0 0
Plastic strain_rate_mean 0 0 0 0 0 0 0 0 0
Dissipation 0.0343994
End step 27
Begin step 28
Stress -2.71271e-13 104.751 -1.05837e-12 104.751 -1.37336e-13 -7.52426e-13 -1.05837e-12 -7.52426e-13 -1.22691e-13
Strain 0 0.00933333 0 0.00933333 0 0 0 0 0
Strain mean -8.16126e-19 0.00933333 -5.29184e-18 0.00933333 2.42547e-33 -3.76213e-18 -5.29184e-18 -3.76213e-18 7.794e-34
Plastic strain_mean -7.32271e-20 0.00880958 0 0.00880958 7.32271e-20 0 0 0 0
Plastic strain_rate_mean 0 0 0 0 0 0 0 0 0
Dissipation 0.034455
End step 28
Begin step 29
Stress -2.22402e-13 104.949 -5.29086e-13 104.949 -4.16451e-14 -6.33716e-13 -5.29086e-13 -6.33716e-13 -7.92845e-14
Strain 0 0.00966667 0 0.00966667 0 0 0 0 0
Strain mean -5.27391e-19 0.00966667 -2.64543e-18 0.00966667 1.14352e-34 -3.16858e-18 -2.64543e-18 -3.16858e-18 -2.33218e-35
Plastic strain_mean 1.88197e-19 0.00914192 0 0.00914192 -1.88197e-19 0 0 0 0
Plastic strain_rate_mean 0 0 0 0 0 0 0 0 0
Dissipation 0.0345108
End step 29
Begin step 30
Stress 9.14653e-13 105.146 -9.52676e-13 105.146 -3.11516e-13 -5.20702e-13 -9.52676e-13 -5.20702e-13 1.81102e-13
Strain 0 0.01 0 0.01 0 0 0 0 0
Strain mean 1.20467e-18 0.01 -4.76338e-18 0.01 -1.30301e-33 -2.60351e-18 -4.76338e-18 -2.60351e-18 -1.35417e-35
Plastic strain_mean -2.46309e-18 0.00947427 0 0.00947427 2.46309e-18 0 0 0 0
Plastic strain_rate_mean 0 0 0 0 0 0 0 0 0
Dissipation 0.0345667
End step 30
