Begin step 0
Stress 0 0 0 0 0 0 0 0 0
Strain 0 0 0 0 0 0 0 0 0
Strain mean 0 0 0 0 0 0 0 0 0
Plastic strain_mean 0 0 0 0 0 0 0 0 0
Plastic strain_rate_mean 0 0 0 0 0 0 0 0 0
Dissipation 0
End step 0
Begin step 1
Stress 6.28393e-16 6.66667 -8.09406e-16 6.66667 2.69652e-16 -8.86074e-17 -8.09406e-16 -8.86074e-17 2.69653e-16
Strain 0 3.33333e-05 0 3.33333e-05 0 0 0 0 0
Strain mean 1.7937e-21 3.33333e-05 -4.04703e-21 3.33333e-05 8.69866e-37 -4.43037e-22 -4.04703e-21 -4.43037e-22 -4.23178e-37
Plastic strain_mean -2.38429e-27 4.21849e-18 0 4.21849e-18 2.38429e-27 0 0 0 0
Plastic strain_rate_mean 0 0 0 0 0 0 0 0 0
Dissipation 2.81233e-17
End step 1
Begin step 2
Stress -3.2742e-15 13.3333 -9.91032e-16 13.3333 -1.40509e-15 -8.20526e-17 -9.91032e-16 -8.20526e-17 -1.40503e-15
Strain 0 6.66667e-05 0 6.66667e-05 0 0 0 0 0
Strain mean -9.34612e-21 6.66667e-05 -4.95516e-21 6.66667e-05 -1.75149e-36 -4.10263e-22 -4.95516e-21 -4.10263e-22 1.48994e-36
Plastic strain_mean -2.74501e-25 4.32396e-15 0 4.32396e-15 2.74501e-25 0 0 0 0
Plastic strain_rate_mean 0 0 0 0 0 0 0 0 0
Dissipation 5.75965e-14
End step 2
Begin step 3
Stress 3.40676e-15 20 9.36438e-16 20 1.46887e-15 -2.12813e-16 9.36438e-16 -2.12813e-16 1.46399e-15
Strain 0 0.0001 0 0.0001 0 0 0 0 0
Strain mean 9.73826e-21 0.0001 4.68219e-21 0.0001 9.07482e-36 -1.06406e-21 4.68219e-21 -1.06406e-21 -1.10203e-36
Plastic strain_mean 2.44086e-23 2.53422e-13 0 2.53422e-13 -2.44086e-23 0 0 0 0
Plastic strain_rate_mean 0 0 0 0 0 0 0 0 0
Dissipation 4.98196e-12
End step 3
Begin step 4
Stress 4.45214e-15 26.6667 1.00799e-13 26.6667 2.0196e-15 2.31932e-14 1.00799e-13 2.31932e-14 1.94325e-15
Strain 0 0.000133333 0 0.000133333 0 0 0 0 0
Strain mean 1.29263e-20 0.000133333 5.03995e-19 0.000133333 1.78675e-36 1.15966e-19 5.03995e-19 1.15966e-19 -2.63311e-35
Plastic strain_mean 3.81787e-22 4.67682e-12 0 4.67682e-12 -3.81787e-22 0 0 0 0
Plastic strain_rate_mean 0 0 0 0 0 0 0 0 0
Dissipation 1.17957e-10
End step 4
Begin step 5
Stress -3.78233e-15 33.3333 1.08339e-13 33.3333 -2.90756e-15 -5.16435e-14 1.08339e-13 -5.16435e-14 -2.00875e-15
Strain 0 0.000166667 0 0.000166667 0 0 0 0 0
Strain mean -1.3362e-20 0.000166667 5.41696e-19 0.000166667 -1.03444e-35 -2.58217e-19 5.41696e-19 -2.58217e-19 -3.5688e-35
Plastic strain_mean -4.49406e-21 4.5873e-11 0 4.5873e-11 4.49406e-21 0 0 0 0
Plastic strain_rate_mean 0 0 0 0 0 0 0 0 0
Dissipation 1.3732e-09
End step 5
Begin step 6
Stress -1.36342e-14 39.9999 -1.46077e-13 39.9999 -9.18416e-15 -1.28407e-13 -1.46077e-13 -1.28407e-13 -6.85158e-15
Strain 0 0.0002 0 0.0002 0 0 0 0 0
Strain mean -4.55759e-20 0.0002 -7.30383e-19 0.0002 1.22251e-36 -6.42033e-19 -7.30383e-19 -6.42033e-19 5.03934e-35
Plastic strain_mean -1.16629e-20 3.00946e-10 0 3.00946e-10 1.16629e-20 0 0 0 0
Plastic strain_rate_mean 0 0 0 0 0 0 0 0 0
Dissipation 1.02029e-08
End step 6
Begin step 7
Stress -1.36042e-14 46.6664 -8.19209e-13 46.6664 1.36551e-14 -1.72614e-13 -8.19209e-13 -1.72614e-13 1.5284e-17
Strain 0 0.000233333 0 0.000233333 0 0 0 0 0
Strain mean 1.01667e-22 0.000233333 -4.09605e-18 0.000233333 -1.4294e-35 -8.63071e-19 -4.09605e-18 -8.63071e-19 1.07205e-34
Plastic strain_mean 6.81989e-20 1.49249e-09 0 1.49249e-09 -6.81989e-20 0 0 0 0
Plastic strain_rate_mean 0 0 0 0 0 0 0 0 0
Dissipation 5.56051e-08
End step 7
Begin step 8
Stress -2.29897e-14 53.3321 -2.29955e-12 53.3321 3.50173e-15 2.80009e-12 -2.29955e-12 2.80009e-12 -5.85158e-15
Strain 0 0.000266667 0 0.000266667 0 0 0 0 0
Strain mean -3.8924e-20 0.000266667 -1.14977e-17 0.000266667 -1.12547e-33 1.40005e-17 -1.14977e-17 1.40005e-17 -1.42188e-33
Plastic strain_mean 4.67665e-20 6.02103e-09 0 6.02103e-09 -4.67665e-20 0 0 0 0
Plastic strain_rate_mean 0 0 0 0 0 0 0 0 0
Dissipation 2.41517e-07
End step 8
Begin step 9
Stress 3.30525e-14 59.9959 -5.71649e-12 59.9959 -3.6606e-15 4.52655e-12 -5.71649e-12 4.52655e-12 8.8254e-15
Strain 0 0.0003 0 0.0003 0 0 0 0 0
Strain mean 5.87055e-20 0.0003 -2.85824e-17 0.0003 9.87039e-34 2.26328e-17 -2.85824e-17 2.26328e-17 -7.58335e-34
Plastic strain_mean -6.243e-20 2.07198e-08 0 2.07198e-08 6.243e-20 0 0 0 0
Plastic strain_rate_mean 0 0 0 0 0 0 0 0 0
Dissipation 8.81866e-07
End step 9
Begin step 10
Stress -1.30732e-14 66.6541 -1.81086e-12 66.6541 3.28666e-14 1.40979e-12 -1.81086e-12 1.40979e-12 5.94328e-15
Strain 0 0.000333333 0 0.000333333 0 0 0 0 0
Strain mean 3.9534e-20 0.000333333 -9.05429e-18 0.000333333 3.21991e-34 7.04894e-18 -9.05429e-18 7.04894e-18 -1.62651e-33
Plastic strain_mean 1.34617e-19 6.28251e-08 0 6.28251e-08 -1.34617e-19 0 0 0 0
Plastic strain_rate_mean 0 0 0 0 0 0 0 0 0
Dissipation 2.80649e-06
End step 10
Begin step 11
Stress -1.09121e-13 73.299 -1.32584e-12 73.299 7.2763e-14 1.09391e-12 -1.32584e-12 1.09391e-12 -1.09171e-14
Strain 0 0.000366667 0 0.000366667 0 0 0 0 0
Strain mean -7.26194e-20 0.000366667 -6.62922e-18 0.000366667 6.16298e-33 5.46957e-18 -6.62922e-18 5.46957e-18 -2.07037e-33
Plastic strain_mean 4.18401e-19 1.71729e-07 0 1.71729e-07 -4.18401e-19 0 0 0 0
Plastic strain_rate_mean 0 0 0 0 0 0 0 0 0
Dissipation 7.98252e-06
End step 11
Begin step 12
Stress -1.50164e-13 79.914 -8.22676e-13 79.914 1.32916e-13 7.16763e-13 -8.22676e-13 7.16763e-13 -5.17908e-15
Strain 0 0.0004 0 0.0004 0 0 0 0 0
Strain mean -3.44507e-20 0.0004 -4.11338e-18 0.0004 -8.79684e-33 3.58382e-18 -4.11338e-18 3.58382e-18 -1.09697e-33
Plastic strain_mean 6.90473e-19 4.3012e-07 0 4.3012e-07 -6.90473e-19 0 0 0 0
Plastic strain_rate_mean 0 0 0 0 0 0 0 0 0
Dissipation 2.06491e-05
End step 12
Begin step 13
Stress -1.50747e-13 86.467 -3.48236e-13 86.467 1.23319e-13 8.9466e-14 -3.48236e-13 8.9466e-14 -8.23587e-15
Strain 0 0.000433333 0 0.000433333 0 0 0 0 0
Strain mean -5.47841e-20 0.000433333 -1.74118e-18 0.000433333 2.28403e-33 4.4733e-19 -1.74118e-18 4.4733e-19 -1.5257e-33
Plastic strain_mean 6.57772e-19 9.9836e-07 0 9.9836e-07 -6.57772e-19 0 0 0 0
Plastic strain_rate_mean 0 0 0 0 0 0 0 0 0
Dissipation 4.91337e-05
End step 13
Begin step 14
Stress -6.69077e-14 92.9007 2.02638e-13 92.9007 -4.79048e-15 -6.9728e-13 2.02638e-13 -6.9728e-13 -2.15286e-14
Strain 0 0.000466667 0 0.000466667 0 0 0 0 0
Strain mean -1.43206e-19 0.000466667 1.01319e-18 0.000466667 4.94603e-32 -3.4864e-18 1.01319e-18 -3.4864e-18 9.53937e-34
Plastic strain_mean 8.36904e-20 2.16295e-06 0 2.16295e-06 -8.36904e-20 0 0 0 0
Plastic strain_rate_mean 0 0 0 0 0 0 0 0 0
Dissipation 0.00010819
End step 14
Begin step 15
Stress -4.54247e-13 99.1221 2.8315e-12 99.1221 3.87755e-13 -1.32578e-12 2.8315e-12 -1.32578e-12 -1.99652e-14
Strain 0 0.0005 0 0.0005 0 0 0 0 0
Strain mean -1.32806e-19 0.0005 1.41575e-17 0.0005 -2.23919e-32 -6.62889e-18 1.41575e-17 -6.62889e-18 2.67148e-33
Plastic strain_mean 2.0386e-18 4.38935e-06 0 4.38935e-06 -2.0386e-18 0 0 0 0
Plastic strain_rate_mean 0 0 0 0 0 0 0 0 0
Dissipation 0.000220681
End step 15
Begin step 16
Stress -1.01991e-12 104.997 9.1393e-13 104.997 9.89328e-13 -6.92098e-13 9.1393e-13 -6.92098e-13 -9.18348e-15
Strain 0 0.000533333 0 0.000533333 0 0 0 0 0
Strain mean -6.10875e-20 0.000533333 4.56965e-18 0.000533333 -3.0195e-32 -3.46049e-18 4.56965e-18 -3.46049e-18 3.1823e-33
Plastic strain_mean 4.99256e-18 8.34775e-06 0 8.34775e-06 -4.99256e-18 0 0 0 0
Plastic strain_rate_mean 0 0 0 0 0 0 0 0 0
Dissipation 0.000415608
End step 16
Begin step 17
Stress -2.05465e-13 110.361 1.19661e-12 110.361 1.76596e-13 -7.48117e-13 1.19661e-12 -7.48117e-13 -8.66819e-15
Strain 0 0.000566667 0 0.000566667 0 0 0 0 0
Strain mean -5.76598e-20 0.000566667 5.98304e-18 0.000566667 -2.8263e-32 -3.74059e-18 5.98304e-18 -3.74059e-18 -4.64932e-34
Plastic strain_mean 9.26322e-19 1.48593e-05 0 1.48593e-05 -9.26322e-19 0 0 0 0
Plastic strain_rate_mean 0 0 0 0 0 0 0 0 0
Dissipation 0.000718582
End step 17
Begin step 18
Stress 7.35696e-13 115.055 1.17788e-12 115.055 -7.1743e-13 -1.66658e-12 1.17788e-12 -1.66658e-12 5.48476e-15
Strain 0 0.0006 0 0.0006 0 0 0 0 0
Strain mean 3.6484e-20 0.0006 5.88938e-18 0.0006 -7.36668e-33 -8.33292e-18 5.88938e-18 -8.33292e-18 2.83699e-33
Plastic strain_mean -3.61457e-18 2.47265e-05 0 2.47265e-05 3.61457e-18 0 0 0 0
Plastic strain_rate_mean 0 0 0 0 0 0 0 0 0
Dissipation 0.00113517
End step 18
Begin step 19
Stress 2.74593e-12 118.967 8.01538e-13 118.967 -2.70477e-12 -3.79827e-12 8.01538e-13 -3.79827e-12 1.23582e-14
Strain 0 0.000633333 0 0.000633333 0 0 0 0 0
Strain mean 8.22052e-20 0.000633333 4.00769e-18 0.000633333 1.05926e-32 -1.89914e-17 4.00769e-18 -1.89914e-17 3.84584e-33
Plastic strain_mean -1.35857e-17 3.84967e-05 0 3.84967e-05 1.35857e-17 0 0 0 0
Plastic strain_rate_mean 0 0 0 0 0 0 0 0 0
Dissipation 0.00163799
End step 19
Begin step 20
Stress 3.13132e-12 122.075 9.02345e-14 122.075 -3.20738e-12 -1.6891e-12 9.02345e-14 -1.6891e-12 -2.28386e-14
Strain 0 0.000666667 0 0.000666667 0 0 0 0 0
Strain mean -1.5192e-19 0.000666667 4.51172e-19 0.000666667 -5.53705e-33 -8.44552e-18 4.51172e-19 -8.44552e-18 6.88746e-34
Plastic strain_mean -1.59227e-17 5.6292e-05 0 5.6292e-05 1.59227e-17 0 0 0 0
Plastic strain_rate_mean 0 0 0 0 0 0 0 0 0
Dissipation 0.00217196
End step 20
Begin step 21
Stress 2.29687e-12 124.438 2.17993e-12 124.438 -2.31415e-12 -4.36592e-12 2.17993e-12 -4.36592e-12 -5.18781e-15
Strain 0 0.0007 0 0.0007 0 0 0 0 0
Strain mean -3.45087e-20 0.0007 1.08997e-17 0.0007 4.91112e-33 -2.18296e-17 1.08997e-17 -2.18296e-17 2.8242e-33
Plastic strain_mean -1.15448e-17 7.78108e-05 0 7.78108e-05 1.15448e-17 0 0 0 0
Plastic strain_rate_mean 0 0 0 0 0 0 0 0 0
Dissipation 0.00267709
End step 21
Begin step 22
Stress 2.21702e-12 126.172 1.24209e-12 126.172 -2.24633e-12 -1.09685e-12 1.24209e-12 -1.09685e-12 -8.7992e-15
Strain 0 0.000733333 0 0.000733333 0 0 0 0 0
Strain mean -5.85313e-20 0.000733333 6.21045e-18 0.000733333 -3.32223e-32 -5.48427e-18 6.21045e-18 -5.48427e-18 4.71759e-33
Plastic strain_mean -1.11876e-17 0.000102475 0 0.000102475 1.11876e-17 0 0 0 0
Plastic strain_rate_mean 0 0 0 0 0 0 0 0 0
Dissipation 0.00311092
End step 22
Begin step 23
Stress 1.30348e-13 127.411 -1.06593e-13 127.411 -6.75934e-14 7.65875e-13 -1.06593e-13 7.65875e-13 1.88429e-14
Strain 0 0.000766667 0 0.000766667 0 0 0 0 0
Strain mean 1.25341e-19 0.000766667 -5.32966e-19 0.000766667 8.43557e-32 3.82937e-18 -5.32966e-19 3.82937e-18 2.69668e-33
Plastic strain_mean -4.32182e-19 0.000129613 0 0.000129613 4.32182e-19 0 0 0 0
Plastic strain_rate_mean 0 0 0 0 0 0 0 0 0
Dissipation 0.00345633
End step 23
Begin step 24
Stress 5.78684e-13 128.281 -6.65638e-13 128.281 -5.88646e-13 -3.46838e-12 -6.65638e-13 -3.46838e-12 -2.99129e-15
Strain 0 0.0008 0 0.0008 0 0 0 0 0
Strain mean -1.98977e-20 0.0008 -3.32819e-18 0.0008 -1.02556e-32 -1.73419e-17 -3.32819e-18 -1.73419e-17 5.41668e-34
Plastic strain_mean -2.92827e-18 0.000158596 0 0.000158596 2.92827e-18 0 0 0 0
Plastic strain_rate_mean 0 0 0 0 0 0 0 0 0
Dissipation 0.00371627
End step 24
Begin step 25
Stress 7.90189e-13 128.886 -4.32029e-13 128.886 -9.14127e-13 -2.95912e-12 -4.32029e-13 -2.95912e-12 -3.72143e-14
Strain 0 0.000833333 0 0.000833333 0 0 0 0 0
Strain mean -2.47545e-19 0.000833333 -2.16015e-18 0.000833333 8.1852e-34 -1.47956e-17 -2.16015e-18 -1.47956e-17 1.01638e-33
Plastic strain_mean -4.38456e-18 0.000188905 0 0.000188905 4.38456e-18 0 0 0 0
Plastic strain_rate_mean 0 0 0 0 0 0 0 0 0
Dissipation 0.00390418
End step 25
Begin step 26
Stress 7.26465e-13 129.305 7.5807e-14 129.305 -7.97509e-13 -1.57096e-12 7.5807e-14 -1.57096e-12 -2.13321e-14
Strain 0 0.000866667 0 0.000866667 0 0 0 0 0
Strain mean -1.41898e-19 0.000866667 3.79035e-19 0.000866667 1.50704e-32 -7.85479e-18 3.79035e-19 -7.85479e-18 -2.42998e-33
Plastic strain_mean -3.88088e-18 0.000220139 0 0.000220139 3.88088e-18 0 0 0 0
Plastic strain_rate_mean 0 0 0 0 0 0 0 0 0
Dissipation 0.00403628
End step 26
Begin step 27
Stress -8.0693e-13 129.598 -2.17742e-13 129.598 7.51374e-13 -6.74635e-12 -2.17742e-13 -6.74635e-12 -1.66814e-14
Strain 0 0.0009 0 0.0009 0 0 0 0 0
Strain mean -1.10962e-19 0.0009 -1.08871e-18 0.0009 -2.32541e-33 -3.37318e-17 -1.08871e-18 -3.37318e-17 -4.92767e-34
Plastic strain_mean 3.84028e-18 0.00025201 0 0.00025201 -3.84028e-18 0 0 0 0
Plastic strain_rate_mean 0 0 0 0 0 0 0 0 0
Dissipation 0.00412745
End step 27
Begin step 28
Stress 6.87004e-13 129.804 -3.48653e-13 129.804 -7.92312e-13 -1.84396e-12 -3.48653e-13 -1.84396e-12 -3.16203e-14
Strain 0 0.000933333 0 0.000933333 0 0 0 0 0
Strain mean -2.10335e-19 0.000933333 -1.74327e-18 0.000933333 5.8452e-32 -9.21982e-18 -1.74327e-18 -9.21982e-18 1.4926e-33
Plastic strain_mean -3.80346e-18 0.000284312 0 0.000284312 3.80346e-18 0 0 0 0
Plastic strain_rate_mean 0 0 0 0 0 0 0 0 0
Dissipation 0.00418964
End step 28
Begin step 29
Stress -5.98334e-13 129.953 6.25719e-13 129.953 6.57263e-13 1.72017e-12 6.25719e-13 1.72017e-12 1.76945e-14
Strain 0 0.000966667 0 0.000966667 0 0 0 0 0
Strain mean 1.17702e-19 0.000966667 3.12859e-18 0.000966667 1.25908e-32 8.60083e-18 3.12859e-18 8.60083e-18 -1.64306e-33
Plastic strain_mean 3.19784e-18 0.000316904 0 0.000316904 -3.19784e-18 0 0 0 0
Plastic strain_rate_mean 0 0 0 0 0 0 0 0 0
Dissipation 0.00423179
End step 29
Begin step 30
Stress -9.8266e-13 130.062 3.02087e-13 130.062 9.53923e-13 5.91535e-13 3.02087e-13 5.91535e-13 -8.62889e-15
Strain 0 0.001 0 0.001 0 0 0 0 0
Strain mean -5.73984e-20 0.001 1.51044e-18 0.001 -5.07964e-33 2.95767e-18 1.51044e-18 2.95767e-18 -1.11268e-33
Plastic strain_mean 4.81276e-18 0.00034969 0 0.00034969 -4.81276e-18 0 0 0 0
Plastic strain_rate_mean 0 0 0 0 0 0 0 0 0
Dissipation 0.00426028
End step 30
