Begin step 0
Stress 0 0 0 0 0 0 0 0 0
Strain 0 0 0 0 0 0 0 0 0
Strain mean 0 0 0 0 0 0 0 0 0
Plastic strain_mean 0 0 0 0 0 0 0 0 0
Plastic strain_rate_mean 0 0 0 0 0 0 0 0 0
Dissipation 0
End step 0
Begin step 1
Stress -1.22016e-14 6.64741 5.64853e-12 6.64741 1.20035e-14 -2.6006e-12 5.64853e-12 -2.6006e-12 -5.94983e-17
Strain 0 3.33333e-05 0 3.33333e-05 0 0 0 0 0
Strain mean -3.95776e-22 3.33333e-05 2.82426e-17 3.33333e-05 2.30766e-32 -1.3003e-17 2.82426e-17 -1.3003e-17 6.60684e-33
Plastic strain_mean 6.03149e-20 9.62593e-08 0 9.62593e-08 -6.03149e-20 0 0 0 0
Plastic strain_rate_mean 0 0 0 0 0 0 0 0 0
Dissipation 6.39872e-07
End step 1
Begin step 2
Stress 7.73438e-14 13.2755 6.11038e-12 13.2755 -7.5475e-14 -6.24896e-12 6.11038e-12 -6.24896e-12 5.6114e-16
Strain 0 6.66667e-05 0 6.66667e-05 0 0 0 0 0
Strain mean 3.73264e-21 6.66667e-05 3.05519e-17 6.66667e-05 -1.33563e-31 -3.12448e-17 3.05519e-17 -3.12448e-17 2.66019e-33
Plastic strain_mean -3.80181e-19 2.89381e-07 0 2.89381e-07 3.80181e-19 0 0 0 0
Plastic strain_rate_mean 0 0 0 0 0 0 0 0 0
Dissipation 2.56376e-06
End step 2
Begin step 3
Stress 2.56048e-14 19.8838 8.03822e-13 19.8838 -2.92697e-14 -1.56241e-12 8.03822e-13 -1.56241e-12 -1.10045e-15
Strain 0 0.0001 0 0.0001 0 0 0 0 0
Strain mean -7.32004e-21 0.0001 4.01911e-18 0.0001 -1.12553e-31 -7.81205e-18 4.01911e-18 -7.81205e-18 -2.15313e-33
Plastic strain_mean -1.40846e-19 5.80884e-07 0 5.80884e-07 1.40846e-19 0 0 0 0
Plastic strain_rate_mean 0 0 0 0 0 0 0 0 0
Dissipation 5.79613e-06
End step 3
Begin step 4
Stress 6.35902e-14 26.472 -5.16191e-12 26.472 -5.95181e-14 -1.51083e-12 -5.16191e-12 -1.51083e-12 1.22272e-15
Strain 0 0.000133333 0 0.000133333 0 0 0 0 0
Strain mean 8.13338e-21 0.000133333 -2.58095e-17 0.000133333 -9.97948e-33 -7.55414e-18 -2.58095e-17 -7.55414e-18 -8.48613e-34
Plastic strain_mean -3.03704e-19 9.73284e-07 0 9.73284e-07 3.03704e-19 0 0 0 0
Plastic strain_rate_mean 0 0 0 0 0 0 0 0 0
Dissipation 1.03875e-05
End step 4
Begin step 5
Stress 5.49826e-14 33.0393 1.79479e-12 33.0393 -5.38191e-14 -4.42726e-12 1.79479e-12 -4.42726e-12 3.49348e-16
Strain 0 0.000166667 0 0.000166667 0 0 0 0 0
Strain mean 2.32382e-21 0.000166667 8.97396e-18 0.000166667 -2.19676e-33 -2.21363e-17 8.97396e-18 -2.21363e-17 7.0146e-33
Plastic strain_mean -2.70842e-19 1.47024e-06 0 1.47024e-06 2.70842e-19 0 0 0 0
Plastic strain_rate_mean 0 0 0 0 0 0 0 0 0
Dissipation 1.64189e-05
End step 5
Begin step 6
Stress 5.06038e-14 39.5846 4.74825e-12 39.5846 -3.85111e-14 -2.39957e-12 4.74825e-12 -2.39957e-12 3.63103e-15
Strain 0 0.0002 0 0.0002 0 0 0 0 0
Strain mean 2.41532e-20 0.0002 2.37412e-17 0.0002 1.86334e-32 -1.19978e-17 2.37412e-17 -1.19978e-17 1.60695e-33
Plastic strain_mean -2.10711e-19 2.07681e-06 0 2.07681e-06 2.10711e-19 0 0 0 0
Plastic strain_rate_mean 0 0 0 0 0 0 0 0 0
Dissipation 2.40103e-05
End step 6
Begin step 7
Stress -7.61583e-15 46.1067 9.78585e-12 46.1067 -2.84151e-14 -4.75777e-12 9.78585e-12 -4.75777e-12 -1.08189e-14
Strain 0 0.000233333 0 0.000233333 0 0 0 0 0
Strain mean -7.19658e-20 0.000233333 4.89292e-17 0.000233333 -2.59519e-32 -2.37889e-17 4.89292e-17 -2.37889e-17 2.36528e-33
Plastic strain_mean -8.7981e-20 2.79979e-06 0 2.79979e-06 8.7981e-20 0 0 0 0
Plastic strain_rate_mean 0 0 0 0 0 0 0 0 0
Dissipation 3.33333e-05
End step 7
Begin step 8
Stress 4.50705e-14 52.6037 9.35731e-13 52.6037 -3.38431e-14 7.71903e-13 9.35731e-13 7.71903e-13 3.37121e-15
Strain 0 0.000266667 0 0.000266667 0 0 0 0 0
Strain mean 2.24249e-20 0.000266667 4.67865e-18 0.000266667 -1.12787e-32 3.85952e-18 4.67865e-18 3.85952e-18 -3.9286e-33
Plastic strain_mean -1.86071e-19 3.64831e-06 0 3.64831e-06 1.86071e-19 0 0 0 0
Plastic strain_rate_mean 0 0 0 0 0 0 0 0 0
Dissipation 4.46342e-05
End step 8
Begin step 9
Stress 4.32565e-14 59.073 -4.78231e-12 59.073 -3.39707e-14 2.45568e-12 -4.78231e-12 2.45568e-12 2.78823e-15
Strain 0 0.0003 0 0.0003 0 0 0 0 0
Strain mean 1.8547e-20 0.0003 -2.39116e-17 0.0003 -4.60117e-33 1.22784e-17 -2.39116e-17 1.22784e-17 0
Plastic strain_mean -1.83794e-19 4.63478e-06 0 4.63478e-06 1.83794e-19 0 0 0 0
Plastic strain_rate_mean 0 0 0 0 0 0 0 0 0
Dissipation 5.82723e-05
End step 9
Begin step 10
Stress 2.7283e-14 65.5114 -1.02031e-12 65.5114 -5.08999e-15 7.03243e-13 -1.02031e-12 7.03243e-13 6.66381e-15
Strain 0 0.000333333 0 0.000333333 0 0 0 0 0
Strain mean 4.43269e-20 0.000333333 -5.10153e-18 0.000333333 6.00048e-33 3.51621e-18 -5.10153e-18 3.51621e-18 -2.03464e-33
Plastic strain_mean -5.8769e-20 5.77648e-06 0 5.77648e-06 5.8769e-20 0 0 0 0
Plastic strain_rate_mean 0 0 0 0 0 0 0 0 0
Dissipation 7.47913e-05
End step 10
Begin step 11
Stress -2.70295e-14 71.9136 9.78881e-12 71.9136 -1.91235e-14 -4.36873e-12 9.78881e-12 -4.36873e-12 -1.38582e-14
Strain 0 0.000366667 0 0.000366667 0 0 0 0 0
Strain mean -9.21831e-20 0.000366667 4.8944e-17 0.000366667 -2.49167e-32 -2.18436e-17 4.8944e-17 -2.18436e-17 9.40095e-33
Plastic strain_mean -2.63264e-20 7.09844e-06 0 7.09844e-06 2.63264e-20 0 0 0 0
Plastic strain_rate_mean 0 0 0 0 0 0 0 0 0
Dissipation 9.50637e-05
End step 11
Begin step 12
Stress 4.11768e-14 78.2721 2.17606e-12 78.2721 -6.38931e-15 -3.73647e-12 2.17606e-12 -3.73647e-12 1.04455e-14
Strain 0 0.0004 0 0.0004 0 0 0 0 0
Strain mean 6.94823e-20 0.0004 1.08803e-17 0.0004 -2.24852e-32 -1.86823e-17 1.08803e-17 -1.86823e-17 -3.81575e-33
Plastic strain_mean -8.41741e-20 8.63951e-06 0 8.63951e-06 8.41741e-20 0 0 0 0
Plastic strain_rate_mean 0 0 0 0 0 0 0 0 0
Dissipation 0.000120617
End step 12
Begin step 13
Stress -3.02184e-14 84.5733 -4.04862e-14 84.5733 1.16213e-13 4.95533e-12 -4.04862e-14 4.95533e-12 2.58212e-14
Strain 0 0.000433333 0 0.000433333 0 0 0 0 0
Strain mean 1.71759e-19 0.000433333 -2.02431e-19 0.000433333 -7.93483e-32 2.47767e-17 -2.02431e-19 2.47767e-17 5.0977e-33
Plastic strain_mean 4.51957e-19 1.04667e-05 0 1.04667e-05 -4.51957e-19 0 0 0 0
Plastic strain_rate_mean 0 0 0 0 0 0 0 0 0
Dissipation 0.000154522
End step 13
Begin step 14
Stress -6.76167e-14 90.7891 4.07563e-12 90.7891 2.1311e-14 -7.96622e-13 4.07563e-12 -7.96622e-13 -1.3904e-14
Strain 0 0.000466667 0 0.000466667 0 0 0 0 0
Strain mean -9.24881e-20 0.000466667 2.03782e-17 0.000466667 8.23094e-32 -3.98311e-18 2.03782e-17 -3.98311e-18 4.49885e-33
Plastic strain_mean 1.76075e-19 1.27212e-05 0 1.27212e-05 -1.76075e-19 0 0 0 0
Plastic strain_rate_mean 0 0 0 0 0 0 0 0 0
Dissipation 0.000204672
End step 14
Begin step 15
Stress 1.09401e-12 96.819 -1.33522e-12 96.819 -1.09208e-12 1.41417e-12 -1.33522e-12 1.41417e-12 5.80791e-16
Strain 0 0.0005 0 0.0005 0 0 0 0 0
Strain mean 3.86335e-21 0.0005 -6.67611e-18 0.0005 3.42816e-31 7.07083e-18 -6.67611e-18 7.07083e-18 -3.71343e-33
Plastic strain_mean -5.46329e-18 1.59048e-05 0 1.59048e-05 5.46329e-18 0 0 0 0
Plastic strain_rate_mean 0 0 0 0 0 0 0 0 0
Dissipation 0.000308205
End step 15
Begin step 16
Stress -7.20328e-12 100.014 -7.23998e-12 100.014 7.21588e-12 8.78541e-13 -7.23998e-12 8.78541e-13 3.78169e-15
Strain 0 0.000533333 0 0.000533333 0 0 0 0 0
Strain mean 2.51554e-20 0.000533333 -3.61999e-17 0.000533333 6.35557e-33 4.39271e-18 -3.61999e-17 4.39271e-18 3.65626e-34
Plastic strain_mean 3.60605e-17 3.32648e-05 0 3.32648e-05 -3.60605e-17 0 0 0 0
Plastic strain_rate_mean 0 0 0 0 0 0 0 0 0
Dissipation 0.00173595
End step 16
Begin step 17
Stress -2.25631e-12 100.033 -2.83713e-12 100.033 2.25986e-12 4.87479e-13 -2.83713e-12 4.87479e-13 1.06551e-15
Strain 0 0.000566667 0 0.000566667 0 0 0 0 0
Strain mean 7.08766e-21 0.000566667 -1.41857e-17 0.000566667 1.06287e-32 2.43739e-18 -1.41857e-17 2.43739e-18 1.7529e-33
Plastic strain_mean 1.12939e-17 6.6503e-05 0 6.6503e-05 -1.12939e-17 0 0 0 0
Plastic strain_rate_mean 0 0 0 0 0 0 0 0 0
Dissipation 0.00332453
End step 17
Begin step 18
Stress -3.98644e-12 100.052 -7.50018e-12 100.052 3.94246e-12 1.22279e-12 -7.50018e-12 1.22279e-12 -1.32053e-14
Strain 0 0.0006 0 0.0006 0 0 0 0 0
Strain mean -8.78405e-20 0.0006 -3.75009e-17 0.0006 -3.87593e-33 6.11395e-18 -3.75009e-17 6.11395e-18 -1.21875e-33
Plastic strain_mean 1.97783e-17 9.97401e-05 0 9.97401e-05 -1.97783e-17 0 0 0 0
Plastic strain_rate_mean 0 0 0 0 0 0 0 0 0
Dissipation 0.00332494
End step 18
Begin step 19
Stress -1.88762e-12 100.071 -3.91681e-12 100.071 1.86206e-12 -5.57257e-13 -3.91681e-12 -5.57257e-13 -7.67692e-15
Strain 0 0.000633333 0 0.000633333 0 0 0 0 0
Strain mean -5.1066e-20 0.000633333 -1.9584e-17 0.000633333 6.01853e-34 -2.78628e-18 -1.9584e-17 -2.78628e-18 -2.44503e-34
Plastic strain_mean 9.34866e-18 0.000132976 0 0.000132976 -9.34866e-18 0 0 0 0
Plastic strain_rate_mean 0 0 0 0 0 0 0 0 0
Dissipation 0.00332539
End step 19
Begin step 20
Stress -1.08488e-12 100.091 -2.61555e-12 100.091 1.08055e-12 -4.13356e-13 -2.61555e-12 -4.13356e-13 -1.30132e-15
Strain 0 0.000666667 0 0.000666667 0 0 0 0 0
Strain mean -8.65624e-21 0.000666667 -1.30777e-17 0.000666667 -6.01853e-34 -2.06678e-18 -1.30777e-17 -2.06678e-18 -1.39179e-34
Plastic strain_mean 5.40926e-18 0.000166212 0 0.000166212 -5.40926e-18 0 0 0 0
Plastic strain_rate_mean 0 0 0 0 0 0 0 0 0
Dissipation 0.00332587
End step 20
Begin step 21
Stress 2.09639e-13 100.111 1.85041e-12 100.111 -2.35104e-13 -7.42055e-13 1.85041e-12 -7.42055e-13 -7.64635e-15
Strain 0 0.0007 0 0.0007 0 0 0 0 0
Strain mean -5.08626e-20 0.0007 9.25207e-18 0.0007 -8.11298e-33 -3.71028e-18 9.25207e-18 -3.71028e-18 -1.36169e-33
Plastic strain_mean -1.13729e-18 0.000199447 0 0.000199447 1.13729e-18 0 0 0 0
Plastic strain_rate_mean 0 0 0 0 0 0 0 0 0
Dissipation 0.00332636
End step 21
Begin step 22
Stress 6.1453e-13 100.13 1.19816e-12 100.13 -6.08058e-13 -4.54975e-13 1.19816e-12 -4.54975e-13 1.94325e-15
Strain 0 0.000733333 0 0.000733333 0 0 0 0 0
Strain mean 1.29263e-20 0.000733333 5.9908e-18 0.000733333 1.80556e-33 -2.27488e-18 5.9908e-18 -2.27488e-18 -1.0066e-33
Plastic strain_mean -3.05001e-18 0.000232682 0 0.000232682 3.05001e-18 0 0 0 0
Plastic strain_rate_mean 0 0 0 0 0 0 0 0 0
Dissipation 0.00332686
End step 22
Begin step 23
Stress 1.20489e-13 100.15 8.10379e-13 100.15 -4.31043e-14 -3.30002e-13 8.10379e-13 -3.30002e-13 2.3236e-14
Strain 0 0.000766667 0 0.000766667 0 0 0 0 0
Strain mean 1.54563e-19 0.000766667 4.0519e-18 0.000766667 1.20371e-35 -1.65001e-18 4.0519e-18 -1.65001e-18 -7.13948e-34
Plastic strain_mean -3.31701e-19 0.000265916 0 0.000265916 3.31701e-19 0 0 0 0
Plastic strain_rate_mean 0 0 0 0 0 0 0 0 0
Dissipation 0.00332738
End step 23
Begin step 24
Stress 8.0439e-13 100.17 5.66352e-12 100.17 -8.56294e-13 -3.38093e-12 5.66352e-12 -3.38093e-12 -1.55853e-14
Strain 0 0.0008 0 0.0008 0 0 0 0 0
Strain mean -1.03671e-19 0.0008 2.83176e-17 0.0008 -2.50371e-33 -1.69047e-17 2.83176e-17 -1.69047e-17 1.20371e-34
Plastic strain_mean -4.20355e-18 0.00029915 0 0.00029915 4.20355e-18 0 0 0 0
Plastic strain_rate_mean 0 0 0 0 0 0 0 0 0
Dissipation 0.00332791
End step 24
Begin step 25
Stress -2.32115e-12 100.19 3.75122e-12 100.19 2.26504e-12 -2.35564e-12 3.75122e-12 -2.35564e-12 -1.68473e-14
Strain 0 0.000833333 0 0.000833333 0 0 0 0 0
Strain mean -1.12066e-19 0.000833333 1.87561e-17 0.000833333 3.12001e-32 -1.17782e-17 1.87561e-17 -1.17782e-17 3.00927e-35
Plastic strain_mean 1.14094e-17 0.000332383 0 0.000332383 -1.14094e-17 0 0 0 0
Plastic strain_rate_mean 0 0 0 0 0 0 0 0 0
Dissipation 0.00332844
End step 25
Begin step 26
Stress -6.58066e-13 100.21 -1.063e-12 100.21 6.64771e-13 1.41478e-12 -1.063e-12 1.41478e-12 2.01312e-15
Strain 0 0.000866667 0 0.000866667 0 0 0 0 0
Strain mean 1.3391e-20 0.000866667 -5.31498e-18 0.000866667 2.22686e-33 7.07389e-18 -5.31498e-18 7.07389e-18 1.67917e-33
Plastic strain_mean 3.31379e-18 0.000365616 0 0.000365616 -3.31379e-18 0 0 0 0
Plastic strain_rate_mean 0 0 0 0 0 0 0 0 0
Dissipation 0.00332898
End step 26
Begin step 27
Stress -5.6435e-13 100.23 -8.85704e-13 100.23 5.87532e-13 1.15885e-12 -8.85704e-13 1.15885e-12 6.96075e-15
Strain 0 0.0009 0 0.0009 0 0 0 0 0
Strain mean 4.63021e-20 0.0009 -4.42852e-18 0.0009 1.06528e-33 5.79427e-18 -4.42852e-18 5.79427e-18 8.81715e-34
Plastic strain_mean 2.90286e-18 0.00039885 0 0.00039885 -2.90286e-18 0 0 0 0
Plastic strain_rate_mean 0 0 0 0 0 0 0 0 0
Dissipation 0.00332952
End step 27
Begin step 28
Stress 2.13218e-12 100.25 -1.23701e-12 100.25 -2.05784e-12 1.01192e-12 -1.23701e-12 1.01192e-12 2.23233e-14
Strain 0 0.000933333 0 0.000933333 0 0 0 0 0
Strain mean 1.48492e-19 0.000933333 -6.18503e-18 0.000933333 -4.52594e-33 5.05962e-18 -6.18503e-18 5.05962e-18 1.93496e-33
Plastic strain_mean -1.04008e-17 0.000432082 0 0.000432082 1.04008e-17 0 0 0 0
Plastic strain_rate_mean 0 0 0 0 0 0 0 0 0
Dissipation 0.00333007
End step 28
Begin step 29
Stress -1.0265e-12 100.27 -7.24453e-12 100.27 9.94618e-13 4.00341e-12 -7.24453e-12 4.00341e-12 -9.57213e-15
Strain 0 0.000966667 0 0.000966667 0 0 0 0 0
Strain mean -6.36727e-20 0.000966667 -3.62227e-17 0.000966667 7.31853e-33 2.00171e-17 -3.62227e-17 2.00171e-17 -7.34261e-34
Plastic strain_mean 5.02095e-18 0.000465315 0 0.000465315 -5.02095e-18 0 0 0 0
Plastic strain_rate_mean 0 0 0 0 0 0 0 0 0
Dissipation 0.00333062
End step 29
Begin step 30
Stress 6.86343e-13 100.291 6.03396e-12 100.291 -7.14818e-13 -3.2362e-12 6.03396e-12 -3.2362e-12 -8.55029e-15
Strain 0 0.001 0 0.001 0 0 0 0 0
Strain mean -5.68755e-20 0.001 3.01698e-17 0.001 2.67223e-33 -1.6181e-17 3.01698e-17 -1.6181e-17 -1.4625e-33
Plastic strain_mean -3.53134e-18 0.000498547 0 0.000498547 3.53134e-18 0 0 0 0
Plastic strain_rate_mean 0 0 0 0 0 0 0 0 0
Dissipation 0.00333118
End step 30
