Begin step 0
Stress 0 0 0 0 0 0 0 0 0
Strain 0 0 0 0 0 0 0 0 0
Strain mean 0 0 0 0 0 0 0 0 0
Plastic strain_mean 0 0 0 0 0 0 0 0 0
Plastic strain_rate_mean 0 0 0 0 0 0 0 0 0
Dissipation 0
End step 0
Begin step 1
Stress -1.20928e-12 1.38008 -8.13701e-13 1.38008 1.2083e-12 -4.18513e-12 -8.13701e-13 -4.18513e-12 -2.92442e-16
Strain 0 3.33333e-05 0 3.33333e-05 0 0 0 0 0
Strain mean -1.94529e-21 3.33333e-05 -4.06851e-18 3.33333e-05 -3.44711e-33 -2.09257e-17 -4.06851e-18 -2.09257e-17 -4.21297e-35
Plastic strain_mean 6.04297e-18 2.64329e-05 0 2.64329e-05 -6.04297e-18 0 0 0 0
Plastic strain_rate_mean 0 0 0 0 0 0 0 0 0
Dissipation 3.62631e-05
End step 1
Begin step 2
Stress -1.51988e-12 1.67247 1.94977e-12 1.67247 1.5236e-12 -4.96586e-12 1.94977e-12 -4.96586e-12 1.11682e-15
Strain 0 6.66667e-05 0 6.66667e-05 0 0 0 0 0
Strain mean 7.42897e-21 6.66667e-05 9.74887e-18 6.66667e-05 -2.02223e-33 -2.48293e-17 9.74887e-18 -2.48293e-17 -1.92593e-34
Plastic strain_mean 7.61243e-18 5.83043e-05 0 5.83043e-05 -7.61243e-18 0 0 0 0
Plastic strain_rate_mean 0 0 0 0 0 0 0 0 0
Dissipation 5.2772e-05
End step 2
Begin step 3
Stress 1.57912e-12 1.74068 -2.87854e-13 1.74068 -1.57103e-12 -3.19311e-12 -2.87854e-13 -3.19311e-12 2.42906e-15
Strain 0 0.0001 0 0.0001 0 0 0 0 0
Strain mean 1.61578e-20 0.0001 -1.43927e-18 0.0001 -1.91389e-33 -1.59656e-17 -1.43927e-18 -1.59656e-17 -2.43751e-34
Plastic strain_mean -7.86729e-18 9.12966e-05 0 9.12966e-05 7.86729e-18 0 0 0 0
Plastic strain_rate_mean 0 0 0 0 0 0 0 0 0
Dissipation 5.66304e-05
End step 3
Begin step 4
Stress 6.68265e-13 1.76231 9.24157e-13 1.76231 -6.63481e-13 2.47509e-12 9.24157e-13 2.47509e-12 1.43669e-15
Strain 0 0.000133333 0 0.000133333 0 0 0 0 0
Strain mean 9.55672e-21 0.000133333 4.62078e-18 0.000133333 -9.62965e-34 1.23754e-17 4.62078e-18 1.23754e-17 -2.00417e-33
Plastic strain_mean -3.32459e-18 0.000124522 0 0.000124522 3.32459e-18 0 0 0 0
Plastic strain_rate_mean 0 0 0 0 0 0 0 0 0
Dissipation 5.75318e-05
End step 4
Begin step 5
Stress 2.41803e-12 1.77397 -1.00455e-12 1.77397 -2.42653e-12 -1.42405e-14 -1.00455e-12 -1.42405e-14 -2.55242e-15
Strain 0 0.000166667 0 0.000166667 0 0 0 0 0
Strain mean -1.69784e-20 0.000166667 -5.02276e-18 0.000166667 1.03519e-33 -7.12024e-20 -5.02276e-18 -7.12024e-20 -1.19543e-33
Plastic strain_mean -1.21199e-17 0.000157797 0 0.000157797 1.21199e-17 0 0 0 0
Plastic strain_rate_mean 0 0 0 0 0 0 0 0 0
Dissipation 5.78137e-05
End step 5
Begin step 6
Stress 1.83095e-12 1.78324 -1.11032e-12 1.78324 -1.83391e-12 -1.84063e-12 -1.11032e-12 -1.84063e-12 -8.90837e-16
Strain 0 0.0002 0 0.0002 0 0 0 0 0
Strain mean -5.92574e-21 0.0002 -5.55162e-18 0.0002 3.00927e-34 -9.20313e-18 -5.55162e-18 -9.20313e-18 4.5139e-34
Plastic strain_mean -9.16511e-18 0.000191084 0 0.000191084 9.16511e-18 0 0 0 0
Plastic strain_rate_mean 0 0 0 0 0 0 0 0 0
Dissipation 5.79691e-05
End step 6
Begin step 7
Stress -1.30584e-12 1.79171 -2.18271e-12 1.79171 1.29304e-12 -4.91001e-13 -2.18271e-12 -4.91001e-13 -3.84283e-15
Strain 0 0.000233333 0 0.000233333 0 0 0 0 0
Strain mean -2.5562e-20 0.000233333 -1.09136e-17 0.000233333 -2.82871e-33 -2.45501e-18 -1.09136e-17 -2.45501e-18 -2.04931e-33
Plastic strain_mean 6.48441e-18 0.000224375 0 0.000224375 -6.48441e-18 0 0 0 0
Plastic strain_rate_mean 0 0 0 0 0 0 0 0 0
Dissipation 5.80984e-05
End step 7
Begin step 8
Stress -8.6187e-13 1.79976 -6.28488e-12 1.79976 8.62317e-13 -3.07372e-12 -6.28488e-12 -3.07372e-12 1.34281e-16
Strain 0 0.000266667 0 0.000266667 0 0 0 0 0
Strain mean 8.93219e-22 0.000266667 -3.14244e-17 0.000266667 4.51992e-33 -1.53686e-17 -3.14244e-17 -1.53686e-17 -3.99781e-33
Plastic strain_mean 4.31091e-18 0.000257668 0 0.000257668 -4.31091e-18 0 0 0 0
Plastic strain_rate_mean 0 0 0 0 0 0 0 0 0
Dissipation 5.82214e-05
End step 8
Begin step 9
Stress -5.18226e-13 1.80748 -5.36119e-12 1.80748 5.0753e-13 -1.7473e-12 -5.36119e-12 -1.7473e-12 -3.21182e-15
Strain 0 0.0003 0 0.0003 0 0 0 0 0
Strain mean -2.13646e-20 0.0003 -2.6806e-17 0.0003 5.57316e-33 -8.7365e-18 -2.6806e-17 -8.7365e-18 -5.59272e-33
Plastic strain_mean 2.55371e-18 0.000290963 0 0.000290963 -2.55371e-18 0 0 0 0
Plastic strain_rate_mean 0 0 0 0 0 0 0 0 0
Dissipation 5.83415e-05
End step 9
Begin step 10
Stress -2.59125e-13 1.81493 -4.50779e-12 1.81493 2.84539e-13 -1.19502e-12 -4.50779e-12 -1.19502e-12 7.63107e-15
Strain 0 0.000333333 0 0.000333333 0 0 0 0 0
Strain mean 5.0761e-20 0.000333333 -2.2539e-17 0.000333333 -6.44284e-33 -5.9751e-18 -2.2539e-17 -5.9751e-18 -6.04712e-33
Plastic strain_mean 1.38454e-18 0.000324259 0 0.000324259 -1.38454e-18 0 0 0 0
Plastic strain_rate_mean 0 0 0 0 0 0 0 0 0
Dissipation 5.8459e-05
End step 10
Begin step 11
Stress -1.01776e-13 1.82212 -3.75438e-12 1.82212 1.22122e-13 -1.03708e-12 -3.75438e-12 -1.03708e-12 6.10922e-15
Strain 0 0.000366667 0 0.000366667 0 0 0 0 0
Strain mean 4.06378e-20 0.000366667 -1.87719e-17 0.000366667 -1.26088e-33 -5.18539e-18 -1.87719e-17 -5.18539e-18 -6.17953e-33
Plastic strain_mean 5.80062e-19 0.000357556 0 0.000357556 -5.80062e-19 0 0 0 0
Plastic strain_rate_mean 0 0 0 0 0 0 0 0 0
Dissipation 5.8574e-05
End step 11
Begin step 12
Stress -3.93716e-14 1.8291 -3.08554e-12 1.8291 -1.44784e-14 -1.04789e-12 -3.08554e-12 -1.04789e-12 -1.61693e-14
Strain 0 0.0004 0 0.0004 0 0 0 0 0
Strain mean -1.07557e-19 0.0004 -1.54277e-17 0.0004 2.03125e-33 -5.23947e-18 -1.54277e-17 -5.23947e-18 -6.51619e-33
Plastic strain_mean 8.45486e-21 0.000390854 0 0.000390854 -8.45486e-21 0 0 0 0
Plastic strain_rate_mean 0 0 0 0 0 0 0 0 0
Dissipation 5.86863e-05
End step 12
Begin step 13
Stress 1.13074e-13 1.83588 -2.48094e-12 1.83588 -6.61285e-14 -1.10369e-12 -2.48094e-12 -1.10369e-12 1.40962e-14
Strain 0 0.000433333 0 0.000433333 0 0 0 0 0
Strain mean 9.37662e-20 0.000433333 -1.24047e-17 0.000433333 3.66228e-33 -5.51843e-18 -1.24047e-17 -5.51843e-18 -5.35273e-33
Plastic strain_mean -4.01123e-19 0.000424154 0 0.000424154 4.01123e-19 0 0 0 0
Plastic strain_rate_mean 0 0 0 0 0 0 0 0 0
Dissipation 5.8796e-05
End step 13
Begin step 14
Stress 1.12768e-13 1.84248 -1.9098e-12 1.84248 -1.44148e-13 -1.13972e-12 -1.9098e-12 -1.13972e-12 -9.42257e-15
Strain 0 0.000466667 0 0.000466667 0 0 0 0 0
Strain mean -6.26778e-20 0.000466667 -9.54899e-18 0.000466667 2.79862e-34 -5.69859e-18 -9.54899e-18 -5.69859e-18 -6.00113e-33
Plastic strain_mean -6.73628e-19 0.000457454 0 0.000457454 6.73628e-19 0 0 0 0
Plastic strain_rate_mean 0 0 0 0 0 0 0 0 0
Dissipation 5.8903e-05
End step 14
Begin step 15
Stress 1.73134e-13 1.84891 -1.34155e-12 1.84891 -1.56362e-13 -1.12587e-12 -1.34155e-12 -1.12587e-12 5.03607e-15
Strain 0 0.0005 0 0.0005 0 0 0 0 0
Strain mean 3.34993e-20 0.0005 -6.70773e-18 0.0005 2.2088e-33 -5.62937e-18 -6.70773e-18 -5.62937e-18 -5.48138e-33
Plastic strain_mean -8.0699e-19 0.000490755 0 0.000490755 8.0699e-19 0 0 0 0
Plastic strain_rate_mean 0 0 0 0 0 0 0 0 0
Dissipation 5.90075e-05
End step 15
Begin step 16
Stress 1.88647e-13 1.85519 -9.13371e-13 1.85519 -1.60666e-13 -1.05914e-12 -9.13371e-13 -1.05914e-12 8.40181e-15
Strain 0 0.000533333 0 0.000533333 0 0 0 0 0
Strain mean 5.58879e-20 0.000533333 -4.56685e-18 0.000533333 1.74537e-33 -5.29572e-18 -4.56685e-18 -5.29572e-18 -5.29104e-33
Plastic strain_mean -8.45339e-19 0.000524057 0 0.000524057 8.45339e-19 0 0 0 0
Plastic strain_rate_mean 0 0 0 0 0 0 0 0 0
Dissipation 5.91096e-05
End step 16
Begin step 17
Stress 1.51057e-13 1.86133 -5.11353e-13 1.86133 -1.79973e-13 -9.47807e-13 -5.11353e-13 -9.47807e-13 -8.68238e-15
Strain 0 0.000566667 0 0.000566667 0 0 0 0 0
Strain mean -5.77542e-20 0.000566667 -2.55676e-18 0.000566667 -2.78959e-33 -4.73904e-18 -2.55676e-18 -4.73904e-18 -5.43248e-33
Plastic strain_mean -8.56453e-19 0.00055736 0 0.00055736 8.56453e-19 0 0 0 0
Plastic strain_rate_mean 0 0 0 0 0 0 0 0 0
Dissipation 5.92094e-05
End step 17
Begin step 18
Stress 1.13209e-13 1.86734 -1.64182e-13 1.86734 -1.20259e-13 -8.10864e-13 -1.64182e-13 -8.10864e-13 -2.11683e-15
Strain 0 0.0006 0 0.0006 0 0 0 0 0
Strain mean -1.40809e-20 0.0006 -8.2091e-19 0.0006 1.47454e-34 -4.05432e-18 -8.2091e-19 -4.05432e-18 -4.9194e-33
Plastic strain_mean -5.90712e-19 0.000590663 0 0.000590663 5.90712e-19 0 0 0 0
Plastic strain_rate_mean 0 0 0 0 0 0 0 0 0
Dissipation 5.9307e-05
End step 18
Begin step 19
Stress 5.27627e-14 1.87323 5.92887e-14 1.87323 -6.12632e-14 -6.77851e-13 5.92887e-14 -6.77851e-13 -2.55242e-15
Strain 0 0.000633333 0 0.000633333 0 0 0 0 0
Strain mean -1.69784e-20 0.000633333 2.96444e-19 0.000633333 -2.58947e-33 -3.38926e-18 2.96444e-19 -3.38926e-18 -3.96772e-33
Plastic strain_mean -2.93554e-19 0.000623967 0 0.000623967 2.93554e-19 0 0 0 0
Plastic strain_rate_mean 0 0 0 0 0 0 0 0 0
Dissipation 5.94024e-05
End step 19
Begin step 20
Stress -5.92534e-14 1.87901 2.69754e-13 1.87901 2.50767e-14 -5.6498e-13 2.69754e-13 -5.6498e-13 -1.02621e-14
Strain 0 0.000666667 0 0.000666667 0 0 0 0 0
Strain mean -6.82623e-20 0.000666667 1.34877e-18 0.000666667 8.26043e-34 -2.8249e-18 1.34877e-18 -2.8249e-18 -3.77211e-33
Plastic strain_mean 1.76694e-19 0.000657272 0 0.000657272 -1.76694e-19 0 0 0 0
Plastic strain_rate_mean 0 0 0 0 0 0 0 0 0
Dissipation 5.94959e-05
End step 20
Begin step 21
Stress -2.20086e-13 1.88469 3.7848e-13 1.88469 1.24075e-13 -4.89041e-13 3.7848e-13 -4.89041e-13 -2.88288e-14
Strain 0 0.0007 0 0.0007 0 0 0 0 0
Strain mean -1.91766e-19 0.0007 1.8924e-18 0.0007 -4.29949e-34 -2.44521e-18 1.8924e-18 -2.44521e-18 -3.58704e-33
Plastic strain_mean 7.64521e-19 0.000690577 0 0.000690577 -7.64521e-19 0 0 0 0
Plastic strain_rate_mean 0 0 0 0 0 0 0 0 0
Dissipation 5.95875e-05
End step 21
Begin step 22
Stress -2.4866e-13 1.89028 5.08281e-13 1.89028 2.36029e-13 -4.56791e-13 5.08281e-13 -4.56791e-13 -3.79261e-15
Strain 0 0.000733333 0 0.000733333 0 0 0 0 0
Strain mean -2.5228e-20 0.000733333 2.54141e-18 0.000733333 -6.24423e-35 -2.28395e-18 2.54141e-18 -2.28395e-18 -4.18589e-33
Plastic strain_mean 1.19911e-18 0.000723882 0 0.000723882 -1.19911e-18 0 0 0 0
Plastic strain_rate_mean 0 0 0 0 0 0 0 0 0
Dissipation 5.96773e-05
End step 22
Begin step 23
Stress -3.79031e-13 1.89577 6.0388e-13 1.89577 3.44025e-13 -4.63655e-13 6.0388e-13 -4.63655e-13 -1.0511e-14
Strain 0 0.000766667 0 0.000766667 0 0 0 0 0
Strain mean -6.9918e-20 0.000766667 3.0194e-18 0.000766667 4.96529e-34 -2.31828e-18 3.0194e-18 -2.31828e-18 -3.01829e-33
Plastic strain_mean 1.77268e-18 0.000757188 0 0.000757188 -1.77268e-18 0 0 0 0
Plastic strain_rate_mean 0 0 0 0 0 0 0 0 0
Dissipation 5.97654e-05
End step 23
Begin step 24
Stress -3.92777e-13 1.90118 6.45482e-13 1.90118 5.63871e-13 -5.12225e-13 6.45482e-13 -5.12225e-13 5.13738e-14
Strain 0 0.0008 0 0.0008 0 0 0 0 0
Strain mean 3.41732e-19 0.0008 3.22741e-18 0.0008 -5.35649e-34 -2.56112e-18 3.22741e-18 -2.56112e-18 -2.84376e-33
Plastic strain_mean 2.56248e-18 0.000790494 0 0.000790494 -2.56248e-18 0 0 0 0
Plastic strain_rate_mean 0 0 0 0 0 0 0 0 0
Dissipation 5.98519e-05
End step 24
Begin step 25
Stress -5.20256e-13 1.90651 7.41854e-13 1.90651 5.21187e-13 -5.60883e-13 7.41854e-13 -5.60883e-13 2.79478e-16
Strain 0 0.000833333 0 0.000833333 0 0 0 0 0
Strain mean 1.85906e-21 0.000833333 3.70927e-18 0.000833333 -8.81715e-34 -2.80442e-18 3.70927e-18 -2.80442e-18 -2.76852e-33
Plastic strain_mean 2.60454e-18 0.000823801 0 0.000823801 -2.60454e-18 0 0 0 0
Plastic strain_rate_mean 0 0 0 0 0 0 0 0 0
Dissipation 5.99368e-05
End step 25
Begin step 26
Stress -5.12612e-13 1.91176 8.7826e-13 1.91176 5.7125e-13 -6.18865e-13 8.7826e-13 -6.18865e-13 1.76071e-14
Strain 0 0.000866667 0 0.000866667 0 0 0 0 0
Strain mean 1.17121e-19 0.000866667 4.3913e-18 0.000866667 -6.43983e-34 -3.09432e-18 4.3913e-18 -3.09432e-18 -2.75799e-33
Plastic strain_mean 2.76822e-18 0.000857108 0 0.000857108 -2.76822e-18 0 0 0 0
Plastic strain_rate_mean 0 0 0 0 0 0 0 0 0
Dissipation 6.00203e-05
End step 26
Begin step 27
Stress -5.30277e-13 1.91695 9.22225e-13 1.91695 5.79005e-13 -6.77035e-13 9.22225e-13 -6.77035e-13 1.46311e-14
Strain 0 0.0009 0 0.0009 0 0 0 0 0
Strain mean 9.73246e-20 0.0009 4.61113e-18 0.0009 1.2338e-33 -3.38518e-18 4.61113e-18 -3.38518e-18 -2.45857e-33
Plastic strain_mean 2.82187e-18 0.000890415 0 0.000890415 -2.82187e-18 0 0 0 0
Plastic strain_rate_mean 0 0 0 0 0 0 0 0 0
Dissipation 6.01024e-05
End step 27
Begin step 28
Stress -5.68896e-13 1.92207 9.84148e-13 1.92207 5.98913e-13 -7.24723e-13 9.84148e-13 -7.24723e-13 9.01317e-15
Strain 0 0.000933333 0 0.000933333 0 0 0 0 0
Strain mean 5.99546e-20 0.000933333 4.92074e-18 0.000933333 8.69678e-34 -3.62361e-18 4.92074e-18 -3.62361e-18 -2.2908e-33
Plastic strain_mean 2.9495e-18 0.000923723 0 0.000923723 -2.9495e-18 0 0 0 0
Plastic strain_rate_mean 0 0 0 0 0 0 0 0 0
Dissipation 6.01831e-05
End step 28
Begin step 29
Stress -5.97665e-13 1.92712 1.05047e-12 1.92712 6.17015e-13 -7.6938e-13 1.05047e-12 -7.6938e-13 5.81009e-15
Strain 0 0.000966667 0 0.000966667 0 0 0 0 0
Strain mean 3.86481e-20 0.000966667 5.25236e-18 0.000966667 -1.15857e-33 -3.8469e-18 5.25236e-18 -3.8469e-18 -2.06135e-33
Plastic strain_mean 3.05602e-18 0.000957031 0 0.000957031 -3.05602e-18 0 0 0 0
Plastic strain_rate_mean 0 0 0 0 0 0 0 0 0
Dissipation 6.02626e-05
End step 29
Begin step 30
Stress -5.40917e-13 1.93211 1.09222e-12 1.93211 6.30561e-13 -7.91417e-13 1.09222e-12 -7.91417e-13 2.69172e-14
Strain 0 0.001 0 0.001 0 0 0 0 0
Strain mean 1.7905e-19 0.001 5.46108e-18 0.001 -1.56482e-33 -3.95708e-18 5.46108e-18 -3.95708e-18 -2.28629e-33
Plastic strain_mean 3.01822e-18 0.000990339 0 0.000990339 -3.01822e-18 0 0 0 0
Plastic strain_rate_mean 0 0 0 0 0 0 0 0 0
Dissipation 6.03409e-05
End step 30
