Begin step 0
Stress 0 0 0 0 0 0 0 0 0
Strain 0 0 0 0 0 0 0 0 0
Strain mean 0 0 0 0 0 0 0 0 0
Plastic strain_mean 0 0 0 0 0 0 0 0 0
Plastic strain_rate_mean 0 0 0 0 0 0 0 0 0
Dissipation 0
End step 0
Begin step 1
Stress -1.24354e-16 6.66453 -6.69622e-14 6.66453 4.91571e-16 1.72495e-12 -6.69622e-14 1.72495e-12 1.10263e-16
Strain 0 3.33333e-05 0 3.33333e-05 0 0 0 0 0
Strain mean 7.33456e-22 3.33333e-05 -3.34811e-19 3.33333e-05 6.01853e-34 8.62473e-18 -3.34811e-19 8.62473e-18 1.6393e-33
Plastic strain_mean 1.90654e-21 1.07067e-08 0 1.07067e-08 -1.90654e-21 0 0 0 0
Plastic strain_rate_mean 0 0 0 0 0 0 0 0 0
Dissipation 7.13552e-08
End step 1
Begin step 2
Stress 2.00825e-14 13.3269 2.55e-12 13.3269 -1.58068e-14 1.77899e-12 2.55e-12 1.77899e-12 1.28385e-15
Strain 0 6.66667e-05 0 6.66667e-05 0 0 0 0 0
Strain mean 8.54004e-21 6.66667e-05 1.275e-17 6.66667e-05 -1.28484e-31 8.89494e-18 1.275e-17 8.89494e-18 4.46575e-33
Plastic strain_mean -8.54531e-20 3.21167e-08 0 3.21167e-08 8.54531e-20 0 0 0 0
Plastic strain_rate_mean 0 0 0 0 0 0 0 0 0
Dissipation 2.85329e-07
End step 2
Begin step 3
Stress -2.09192e-14 19.9872 -5.5945e-14 19.9872 2.48895e-14 7.63239e-12 -5.5945e-14 7.63239e-12 1.19215e-15
Strain 0 0.0001 0 0.0001 0 0 0 0 0
Strain mean 7.93004e-21 0.0001 -2.79725e-19 0.0001 4.19853e-32 3.8162e-17 -2.79725e-19 3.8162e-17 -1.625e-34
Plastic strain_mean 1.18487e-19 6.42266e-08 0 6.42266e-08 -1.18487e-19 0 0 0 0
Plastic strain_rate_mean 0 0 0 0 0 0 0 0 0
Dissipation 6.41784e-07
End step 3
Begin step 4
Stress -4.10262e-14 26.6453 -5.68481e-14 26.6453 7.44975e-14 7.64153e-12 -5.68481e-14 7.64153e-12 1.00503e-14
Strain 0 0.000133333 0 0.000133333 0 0 0 0 0
Strain mean 6.68534e-20 0.000133333 -2.8424e-19 0.000133333 -2.00778e-32 3.82077e-17 -2.8424e-19 3.82077e-17 -5.77779e-34
Plastic strain_mean 3.22236e-19 1.07033e-07 0 1.07033e-07 -3.22236e-19 0 0 0 0
Plastic strain_rate_mean 0 0 0 0 0 0 0 0 0
Dissipation 1.14058e-06
End step 4
Begin step 5
Stress -9.80673e-14 33.3012 -6.44911e-14 33.3012 1.08498e-13 7.67653e-12 -6.44911e-14 7.67653e-12 3.13212e-15
Strain 0 0.000166667 0 0.000166667 0 0 0 0 0
Strain mean 2.08345e-20 0.000166667 -3.22456e-19 0.000166667 -6.94298e-32 3.83827e-17 -3.22456e-19 3.83827e-17 -1.92593e-34
Plastic strain_mean 5.26832e-19 1.60532e-07 0 1.60532e-07 -5.26832e-19 0 0 0 0
Plastic strain_rate_mean 0 0 0 0 0 0 0 0 0
Dissipation 1.78158e-06
End step 5
Begin step 6
Stress -1.42951e-13 39.9551 -6.52471e-14 39.9551 1.47634e-13 7.67202e-12 -6.52471e-14 7.67202e-12 1.40612e-15
Strain 0 0.0002 0 0.0002 0 0 0 0 0
Strain mean 9.35338e-21 0.0002 -3.26236e-19 0.0002 1.44397e-31 3.83601e-17 -3.26236e-19 3.83601e-17 -5.77779e-34
Plastic strain_mean 7.31137e-19 2.24721e-07 0 2.24721e-07 -7.31137e-19 0 0 0 0
Plastic strain_rate_mean 0 0 0 0 0 0 0 0 0
Dissipation 2.56466e-06
End step 6
Begin step 7
Stress -1.3971e-13 46.6067 1.99976e-12 46.6067 1.53846e-13 1.6238e-12 1.99976e-12 1.6238e-12 4.24458e-15
Strain 0 0.000233333 0 0.000233333 0 0 0 0 0
Strain mean 2.82344e-20 0.000233333 9.99879e-18 0.000233333 7.22224e-34 8.11901e-18 9.99879e-18 8.11901e-18 -6.09075e-33
Plastic strain_mean 7.48007e-19 2.99681e-07 0 2.99681e-07 -7.48007e-19 0 0 0 0
Plastic strain_rate_mean 0 0 0 0 0 0 0 0 0
Dissipation 3.49367e-06
End step 7
Begin step 8
Stress -1.66124e-13 53.2561 -1.94173e-12 53.2561 1.59551e-13 1.60887e-12 -1.94173e-12 1.60887e-12 -1.97382e-15
Strain 0 0.000266667 0 0.000266667 0 0 0 0 0
Strain mean -1.31296e-20 0.000266667 -9.70863e-18 0.000266667 9.62965e-35 8.04437e-18 -9.70863e-18 8.04437e-18 2.70834e-35
Plastic strain_mean 8.07623e-19 3.86205e-07 0 3.86205e-07 -8.07623e-19 0 0 0 0
Plastic strain_rate_mean 0 0 0 0 0 0 0 0 0
Dissipation 4.60792e-06
End step 8
Begin step 9
Stress -1.83729e-13 59.9025 -3.31726e-12 59.9025 2.16829e-13 3.44945e-12 -3.31726e-12 3.44945e-12 9.93894e-15
Strain 0 0.0003 0 0.0003 0 0 0 0 0
Strain mean 6.61127e-20 0.0003 -1.65863e-17 0.0003 3.61112e-35 1.72473e-17 -1.65863e-17 1.72473e-17 -3.78265e-33
Plastic strain_mean 1.03445e-18 4.87588e-07 0 4.87588e-07 -1.03445e-18 0 0 0 0
Plastic strain_rate_mean 0 0 0 0 0 0 0 0 0
Dissipation 6.07306e-06
End step 9
Begin step 10
Stress -3.35687e-13 66.5448 -4.04514e-12 66.5448 3.06935e-13 5.81982e-12 -4.04514e-12 5.81982e-12 -8.63326e-15
Strain 0 0.000333333 0 0.000333333 0 0 0 0 0
Strain mean -5.74274e-20 0.000333333 -2.02257e-17 0.000333333 2.1426e-33 2.90991e-17 -2.02257e-17 2.90991e-17 -5.56714e-33
Plastic strain_mean 1.57784e-18 6.09365e-07 0 6.09365e-07 -1.57784e-18 0 0 0 0
Plastic strain_rate_mean 0 0 0 0 0 0 0 0 0
Dissipation 8.10361e-06
End step 10
Begin step 11
Stress -2.56296e-13 73.1811 -3.33033e-12 73.1811 2.56092e-13 -9.79021e-13 -3.33033e-12 -9.79021e-13 -6.11359e-17
Strain 0 0.000366667 0 0.000366667 0 0 0 0 0
Strain mean -4.06669e-22 0.000366667 -1.66517e-17 0.000366667 1.01111e-33 -4.89511e-18 -1.66517e-17 -4.89511e-18 7.91437e-34
Plastic strain_mean 1.28077e-18 7.61322e-07 0 7.61322e-07 -1.28077e-18 0 0 0 0
Plastic strain_rate_mean 0 0 0 0 0 0 0 0 0
Dissipation 1.11203e-05
End step 11
Begin step 12
Stress -3.33623e-13 79.8074 4.64609e-12 79.8074 2.95287e-13 -1.08369e-12 4.64609e-12 -1.08369e-12 -1.1511e-14
Strain 0 0.0004 0 0.0004 0 0 0 0 0
Strain mean -7.65699e-20 0.0004 2.32304e-17 0.0004 1.90186e-33 -5.41843e-18 2.32304e-17 -5.41843e-18 -1.87778e-33
Plastic strain_mean 1.53399e-18 9.62819e-07 0 9.62819e-07 -1.53399e-18 0 0 0 0
Plastic strain_rate_mean 0 0 0 0 0 0 0 0 0
Dissipation 1.60808e-05
End step 12
Begin step 13
Stress -3.29907e-13 86.4147 8.78338e-13 86.4147 3.65276e-13 -1.03477e-13 8.78338e-13 -1.03477e-13 1.06202e-14
Strain 0 0.000433333 0 0.000433333 0 0 0 0 0
Strain mean 7.06442e-20 0.000433333 4.39169e-18 0.000433333 1.80315e-32 -5.17383e-19 4.39169e-18 -5.17383e-19 3.79073e-34
Plastic strain_mean 1.77328e-18 1.25979e-06 0 1.25979e-06 -1.77328e-18 0 0 0 0
Plastic strain_rate_mean 0 0 0 0 0 0 0 0 0
Dissipation 2.56622e-05
End step 13
Begin step 14
Stress -4.71254e-13 92.9718 1.59938e-12 92.9718 4.53599e-13 -1.98516e-12 1.59938e-12 -1.98516e-12 -5.30135e-15
Strain 0 0.000466667 0 0.000466667 0 0 0 0 0
Strain mean -3.5264e-20 0.000466667 7.9969e-18 0.000466667 1.8176e-33 -9.9258e-18 7.9969e-18 -9.9258e-18 1.02917e-33
Plastic strain_mean 2.2945e-18 1.80777e-06 0 1.80777e-06 -2.2945e-18 0 0 0 0
Plastic strain_rate_mean 0 0 0 0 0 0 0 0 0
Dissipation 5.09462e-05
End step 14
Begin step 15
Stress -1.4242e-12 99.1529 -1.80842e-12 99.1529 1.47394e-12 1.50693e-12 -1.80842e-12 1.50693e-12 1.49346e-14
Strain 0 0.0005 0 0.0005 0 0 0 0 0
Strain mean 9.93434e-20 0.0005 -9.04208e-18 0.0005 -8.89539e-32 7.53464e-18 -9.04208e-18 7.53464e-18 -5.11575e-35
Plastic strain_mean 7.29501e-18 4.23555e-06 0 4.23555e-06 -7.29501e-18 0 0 0 0
Plastic strain_rate_mean 0 0 0 0 0 0 0 0 0
Dissipation 0.000240716
End step 15
Begin step 16
Stress 2.07706e-12 100.852 -3.31621e-12 100.852 -2.08148e-12 5.02996e-12 -3.31621e-12 5.02996e-12 -1.32752e-15
Strain 0 0.000533333 0 0.000533333 0 0 0 0 0
Strain mean -8.83052e-21 0.000533333 -1.6581e-17 0.000533333 -1.55955e-33 2.51498e-17 -1.6581e-17 2.51498e-17 -2.82871e-33
Plastic strain_mean -1.04008e-17 2.90758e-05 0 2.90758e-05 1.04008e-17 0 0 0 0
Plastic strain_rate_mean 0 0 0 0 0 0 0 0 0
Dissipation 0.00250498
End step 16
Begin step 17
Stress -7.85028e-13 100.919 1.897e-12 100.919 7.85406e-13 2.35015e-12 1.897e-12 2.35015e-12 1.13538e-16
Strain 0 0.000566667 0 0.000566667 0 0 0 0 0
Strain mean 7.55242e-22 0.000566667 9.48502e-18 0.000566667 4.3189e-32 1.17507e-17 9.48502e-18 1.17507e-17 7.40279e-34
Plastic strain_mean 3.92646e-18 6.20741e-05 0 6.20741e-05 -3.92646e-18 0 0 0 0
Plastic strain_rate_mean 0 0 0 0 0 0 0 0 0
Dissipation 0.00332975
End step 17
Begin step 18
Stress 3.50716e-13 100.94 -2.05236e-12 100.94 -2.96034e-13 -2.31766e-12 -2.05236e-12 -2.31766e-12 1.64193e-14
Strain 0 0.0006 0 0.0006 0 0 0 0 0
Strain mean 1.0922e-19 0.0006 -1.02618e-17 0.0006 -1.81519e-32 -1.15883e-17 -1.02618e-17 -1.15883e-17 9.1886e-34
Plastic strain_mean -1.56226e-18 9.52988e-05 0 9.52988e-05 1.56226e-18 0 0 0 0
Plastic strain_rate_mean 0 0 0 0 0 0 0 0 0
Dissipation 0.00335321
End step 18
Begin step 19
Stress 2.74767e-12 100.961 -3.14966e-12 100.961 -2.71614e-12 -3.4348e-12 -3.14966e-12 -3.4348e-12 9.46733e-15
Strain 0 0.000633333 0 0.000633333 0 0 0 0 0
Strain mean 6.29756e-20 0.000633333 -1.57483e-17 0.000633333 -1.57445e-32 -1.7174e-17 -1.57483e-17 -1.7174e-17 1.2007e-33
Plastic strain_mean -1.3628e-17 0.000128529 0 0.000128529 1.3628e-17 0 0 0 0
Plastic strain_rate_mean 0 0 0 0 0 0 0 0 0
Dissipation 0.00335436
End step 19
Begin step 20
Stress 1.48748e-12 100.981 -3.7543e-13 100.981 -1.451e-12 1.21572e-12 -3.7543e-13 1.21572e-12 1.09521e-14
Strain 0 0.000666667 0 0.000666667 0 0 0 0 0
Strain mean 7.28518e-20 0.000666667 -1.87715e-18 0.000666667 2.7926e-33 6.07862e-18 -1.87715e-18 6.07862e-18 1.10139e-33
Plastic strain_mean -7.30977e-18 0.00016176 0 0.00016176 7.30977e-18 0 0 0 0
Plastic strain_rate_mean 0 0 0 0 0 0 0 0 0
Dissipation 0.00335499
End step 20
Begin step 21
Stress -6.55828e-13 101.002 1.75875e-12 101.002 5.66591e-13 -1.10932e-12 1.75875e-12 -1.10932e-12 -2.6795e-14
Strain 0 0.0007 0 0.0007 0 0 0 0 0
Strain mean -1.78237e-19 0.0007 8.79377e-18 0.0007 2.16667e-34 -5.54661e-18 8.79377e-18 -5.54661e-18 1.47454e-34
Plastic strain_mean 2.96693e-18 0.000194991 0 0.000194991 -2.96693e-18 0 0 0 0
Plastic strain_rate_mean 0 0 0 0 0 0 0 0 0
Dissipation 0.00335558
End step 21
Begin step 22
Stress 7.88791e-13 101.022 -2.96996e-12 101.022 -7.47924e-13 2.3739e-12 -2.96996e-12 2.3739e-12 1.22708e-14
Strain 0 0.000733333 0 0.000733333 0 0 0 0 0
Strain mean 8.16242e-20 0.000733333 -1.48498e-17 0.000733333 -5.93427e-33 1.18695e-17 -1.48498e-17 1.18695e-17 -1.6235e-33
Plastic strain_mean -3.80098e-18 0.000228223 0 0.000228223 3.80098e-18 0 0 0 0
Plastic strain_rate_mean 0 0 0 0 0 0 0 0 0
Dissipation 0.00335616
End step 22
Begin step 23
Stress -2.31775e-12 101.043 -5.11124e-12 101.043 2.24682e-12 -1.5895e-12 -5.11124e-12 -1.5895e-12 -2.12971e-14
Strain 0 0.000766667 0 0.000766667 0 0 0 0 0
Strain mean -1.41666e-19 0.000766667 -2.55562e-17 0.000766667 -1.14352e-34 -7.94748e-18 -2.55562e-17 -7.94748e-18 -1.86725e-33
Plastic strain_mean 1.13406e-17 0.000261454 0 0.000261454 -1.13406e-17 0 0 0 0
Plastic strain_rate_mean 0 0 0 0 0 0 0 0 0
Dissipation 0.00335674
End step 23
Begin step 24
Stress -1.46628e-12 101.063 -3.44092e-12 101.063 1.5659e-12 -1.09864e-12 -3.44092e-12 -1.09864e-12 2.99129e-14
Strain 0 0.0008 0 0.0008 0 0 0 0 0
Strain mean 1.98977e-19 0.0008 -1.72046e-17 0.0008 -2.16667e-34 -5.4932e-18 -1.72046e-17 -5.4932e-18 -1.34213e-33
Plastic strain_mean 7.67995e-18 0.000294685 0 0.000294685 -7.67995e-18 0 0 0 0
Plastic strain_rate_mean 0 0 0 0 0 0 0 0 0
Dissipation 0.00335731
End step 24
Begin step 25
Stress -1.11581e-12 101.084 -2.26163e-12 101.084 1.09638e-12 -7.59756e-13 -2.26163e-12 -7.59756e-13 -5.83411e-15
Strain 0 0.000833333 0 0.000833333 0 0 0 0 0
Strain mean -3.88078e-20 0.000833333 -1.13081e-17 0.000833333 1.78525e-33 -3.79878e-18 -1.13081e-17 -3.79878e-18 -1.02315e-33
Plastic strain_mean 5.51108e-18 0.000327915 0 0.000327915 -5.51108e-18 0 0 0 0
Plastic strain_rate_mean 0 0 0 0 0 0 0 0 0
Dissipation 0.00335789
End step 25
Begin step 26
Stress -6.67657e-13 101.104 -1.55668e-12 101.104 6.92962e-13 -5.29961e-13 -1.55668e-12 -5.29961e-13 7.59831e-15
Strain 0 0.000866667 0 0.000866667 0 0 0 0 0
Strain mean 5.05431e-20 0.000866667 -7.78338e-18 0.000866667 1.50463e-35 -2.64981e-18 -7.78338e-18 -2.64981e-18 -7.73381e-34
Plastic strain_mean 3.42682e-18 0.000361146 0 0.000361146 -3.42682e-18 0 0 0 0
Plastic strain_rate_mean 0 0 0 0 0 0 0 0 0
Dissipation 0.00335847
End step 26
Begin step 27
Stress 1.123e-12 101.125 -3.65434e-12 101.125 -1.19606e-12 1.90023e-12 -3.65434e-12 1.90023e-12 -2.1939e-14
Strain 0 0.0009 0 0.0009 0 0 0 0 0
Strain mean -1.45936e-19 0.0009 -1.82717e-17 0.0009 -2.97749e-31 9.50114e-18 -1.82717e-17 9.50114e-18 5.60626e-33
Plastic strain_mean -5.87062e-18 0.000394377 0 0.000394377 5.87062e-18 0 0 0 0
Plastic strain_rate_mean 0 0 0 0 0 0 0 0 0
Dissipation 0.00335904
End step 27
Begin step 28
Stress -1.73753e-12 101.145 -1.07283e-12 101.145 1.71365e-12 7.57638e-14 -1.07283e-12 7.57638e-14 -7.17036e-15
Strain 0 0.000933333 0 0.000933333 0 0 0 0 0
Strain mean -4.76964e-20 0.000933333 -5.36414e-18 0.000933333 1.51426e-32 3.78819e-19 -5.36414e-18 3.78819e-19 -2.18021e-33
Plastic strain_mean 8.60411e-18 0.000427607 0 0.000427607 -8.60411e-18 0 0 0 0
Plastic strain_rate_mean 0 0 0 0 0 0 0 0 0
Dissipation 0.00335962
End step 28
Begin step 29
Stress -1.5238e-12 101.166 -1.63988e-12 101.166 1.44495e-12 -1.70735e-13 -1.63988e-12 -1.70735e-13 -2.3677e-14
Strain 0 0.000966667 0 0.000966667 0 0 0 0 0
Strain mean -1.57497e-19 0.000966667 -8.1994e-18 0.000966667 3.14408e-32 -8.53674e-19 -8.1994e-18 -8.53674e-19 -2.86332e-33
Plastic strain_mean 7.34311e-18 0.000460837 0 0.000460837 -7.34311e-18 0 0 0 0
Plastic strain_rate_mean 0 0 0 0 0 0 0 0 0
Dissipation 0.0033602
End step 29
Begin step 30
Stress -5.89453e-12 101.187 -5.2088e-14 101.187 5.72399e-12 1.55029e-12 -5.2088e-14 1.55029e-12 -5.12057e-14
Strain 0 0.001 0 0.001 0 0 0 0 0
Strain mean -3.40614e-19 0.001 -2.6044e-19 0.001 4.08297e-32 7.75143e-18 -2.6044e-19 7.75143e-18 -1.80556e-33
Plastic strain_mean 2.8876e-17 0.000494067 0 0.000494067 -2.8876e-17 0 0 0 0
Plastic strain_rate_mean 0 0 0 0 0 0 0 0 0
Dissipation 0.00336078
End step 30
