Begin step 0
Stress 0 0 0 0 0 0 0 0 0
Strain 0 0 0 0 0 0 0 0 0
Strain mean 0 0 0 0 0 0 0 0 0
Plastic strain_mean 0 0 0 0 0 0 0 0 0
Plastic strain_rate_mean 0 0 0 0 0 0 0 0 0
Dissipation 0
End step 0
Begin step 1
Stress -2.65667e-13 59.959 -1.07156e-12 59.959 2.29192e-13 2.0154e-13 -1.07156e-12 2.0154e-13 -1.09521e-14
Strain 0 0.000333333 0 0.000333333 0 0 0 0 0
Strain mean -7.28518e-20 0.000333333 -5.35781e-18 0.000333333 1.25185e-33 1.0077e-18 -5.35781e-18 1.0077e-18 -1.91991e-33
Plastic strain_mean 1.20072e-18 3.35384e-05 0 3.35384e-05 -1.20072e-18 0 0 0 0
Plastic strain_rate_mean 0 0 0 0 0 0 0 0 0
Dissipation 0.00201049
End step 1
Begin step 2
Stress -1.61565e-13 99.0187 -2.51822e-13 99.0187 1.56242e-13 -1.38711e-12 -2.51822e-13 -1.38711e-12 -1.59827e-15
Strain 0 0.000666667 0 0.000666667 0 0 0 0 0
Strain mean -1.06315e-20 0.000666667 -1.25911e-18 0.000666667 1.14352e-34 -6.93555e-18 -1.25911e-18 -6.93555e-18 -5.75522e-34
Plastic strain_mean 7.89202e-19 0.000171573 0 0.000171573 -7.89202e-19 0 0 0 0
Plastic strain_rate_mean 0 0 0 0 0 0 0 0 0
Dissipation 0.0136491
End step 2
Begin step 3
Stress 2.23561e-12 100.23 2.17594e-12 100.23 -2.28311e-12 -3.2901e-12 2.17594e-12 -3.2901e-12 -1.42621e-14
Strain 0 0.001 0 0.001 0 0 0 0 0
Strain mean -9.487e-20 0.001 1.08797e-17 0.001 1.70926e-33 -1.64505e-17 1.08797e-17 -1.64505e-17 -6.86865e-34
Plastic strain_mean -1.13442e-17 0.00049885 0 0.00049885 1.13442e-17 0 0 0 0
Plastic strain_rate_mean 0 0 0 0 0 0 0 0 0
Dissipation 0.0327604
End step 3
Begin step 4
Stress 5.2174e-13 100.414 2.30199e-12 100.414 -5.89278e-13 -3.4629e-12 2.30199e-12 -3.4629e-12 -2.02796e-14
Strain 0 0.00133333 0 0.00133333 0 0 0 0 0
Strain mean -1.34898e-19 0.00133333 1.15099e-17 0.00133333 4.40556e-33 -1.73145e-17 1.15099e-17 -1.73145e-17 2.36528e-33
Plastic strain_mean -2.84499e-18 0.000831264 0 0.000831264 2.84499e-18 0 0 0 0
Plastic strain_rate_mean 0 0 0 0 0 0 0 0 0
Dissipation 0.0333266
End step 4
Begin step 5
Stress -6.68776e-12 100.603 -9.51035e-12 100.603 6.72779e-12 4.26218e-13 -9.51035e-12 4.26218e-13 1.20176e-14
Strain 0 0.00166667 0 0.00166667 0 0 0 0 0
Strain mean 7.99395e-20 0.00166667 -4.75518e-17 0.00166667 -1.60574e-32 2.13109e-18 -4.75518e-17 2.13109e-18 1.16534e-33
Plastic strain_mean 3.35788e-17 0.00116365 0 0.00116365 -3.35788e-17 0 0 0 0
Plastic strain_rate_mean 0 0 0 0 0 0 0 0 0
Dissipation 0.0333777
End step 5
Begin step 6
Stress -1.8298e-12 100.797 4.71429e-12 100.797 1.83317e-12 -5.9908e-13 4.71429e-12 -5.9908e-13 1.01311e-15
Strain 0 0.002 0 0.002 0 0 0 0 0
Strain mean 6.73908e-21 0.002 2.35714e-17 0.002 -9.64771e-33 -2.9954e-18 2.35714e-17 -2.9954e-18 -5.14885e-33
Plastic strain_mean 9.16078e-18 0.00149602 0 0.00149602 -9.16078e-18 0 0 0 0
Plastic strain_rate_mean 0 0 0 0 0 0 0 0 0
Dissipation 0.0334311
End step 6
Begin step 7
Stress -3.87856e-12 100.992 -4.04859e-13 100.992 3.81983e-12 9.41741e-13 -4.04859e-13 9.41741e-13 -1.76333e-14
Strain 0 0.00233333 0 0.00233333 0 0 0 0 0
Strain mean -1.17295e-19 0.00233333 -2.0243e-18 0.00233333 2.74445e-33 4.70871e-18 -2.0243e-18 4.70871e-18 2.60301e-33
Plastic strain_mean 1.91873e-17 0.00182837 0 0.00182837 -1.91873e-17 0 0 0 0
Plastic strain_rate_mean 0 0 0 0 0 0 0 0 0
Dissipation 0.0334857
End step 7
Begin step 8
Stress -1.87247e-12 101.19 5.41764e-13 101.19 1.8107e-12 -3.49736e-13 5.41764e-13 -3.49736e-13 -1.85504e-14
Strain 0 0.00266667 0 0.00266667 0 0 0 0 0
Strain mean -1.23395e-19 0.00266667 2.70882e-18 0.00266667 -8.08891e-33 -1.74868e-18 2.70882e-18 -1.74868e-18 2.21181e-33
Plastic strain_mean 9.14623e-18 0.00216072 0 0.00216072 -9.14623e-18 0 0 0 0
Plastic strain_rate_mean 0 0 0 0 0 0 0 0 0
Dissipation 0.0335413
End step 8
Begin step 9
Stress -2.36875e-12 101.389 -3.40959e-12 101.389 2.69161e-12 8.97975e-13 -3.40959e-12 8.97975e-13 9.6944e-14
Strain 0 0.003 0 0.003 0 0 0 0 0
Strain mean 6.4486e-19 0.003 -1.7048e-17 0.003 -4.38149e-33 4.48987e-18 -1.7048e-17 4.48987e-18 -5.53855e-33
Plastic strain_mean 1.29733e-17 0.00249306 0 0.00249306 -1.29733e-17 0 0 0 0
Plastic strain_rate_mean 0 0 0 0 0 0 0 0 0
Dissipation 0.0335975
End step 9
Begin step 10
Stress -2.39287e-12 101.589 -4.06787e-13 101.589 1.90561e-12 9.78048e-13 -4.06787e-13 9.78048e-13 -1.46307e-13
Strain 0 0.00333333 0 0.00333333 0 0 0 0 0
Strain mean -9.73216e-19 0.00333333 -2.03393e-18 0.00333333 4.26714e-33 4.89024e-18 -2.03393e-18 4.89024e-18 8.26043e-34
Plastic strain_mean 1.02596e-17 0.00282539 0 0.00282539 -1.02596e-17 0 0 0 0
Plastic strain_rate_mean 0 0 0 0 0 0 0 0 0
Dissipation 0.0336541
End step 10
Begin step 11
Stress -6.11058e-14 101.789 3.29777e-12 101.789 -4.14982e-13 -6.5963e-13 3.29777e-12 -6.5963e-13 -1.42953e-13
Strain 0 0.00366667 0 0.00366667 0 0 0 0 0
Strain mean -9.50908e-19 0.00366667 1.64889e-17 0.00366667 2.70834e-33 -3.29815e-18 1.64889e-17 -3.29815e-18 7.49307e-34
Plastic strain_mean -1.36014e-18 0.00315772 0 0.00315772 1.36014e-18 0 0 0 0
Plastic strain_rate_mean 0 0 0 0 0 0 0 0 0
Dissipation 0.0337111
End step 11
Begin step 12
Stress -4.08091e-12 101.991 -7.85977e-12 101.991 4.31788e-12 1.00545e-12 -7.85977e-12 1.00545e-12 7.11534e-14
Strain 0 0.004 0 0.004 0 0 0 0 0
Strain mean 4.73304e-19 0.004 -3.92988e-17 0.004 -4.88103e-33 5.02727e-18 -3.92988e-17 5.02727e-18 -9.56946e-34
Plastic strain_mean 2.12336e-17 0.00349005 0 0.00349005 -2.12336e-17 0 0 0 0
Plastic strain_rate_mean 0 0 0 0 0 0 0 0 0
Dissipation 0.0337683
End step 12
Begin step 13
Stress -2.82357e-12 102.193 -5.63903e-12 102.193 2.95481e-12 3.34188e-13 -5.63903e-12 3.34188e-13 3.94064e-14
Strain 0 0.00433333 0 0.00433333 0 0 0 0 0
Strain mean 2.62127e-19 0.00433333 -2.81951e-17 0.00433333 2.07037e-33 1.67094e-18 -2.81951e-17 1.67094e-18 -1.51065e-33
Plastic strain_mean 1.4577e-17 0.00382237 0 0.00382237 -1.4577e-17 0 0 0 0
Plastic strain_rate_mean 0 0 0 0 0 0 0 0 0
Dissipation 0.0338258
End step 13
Begin step 14
Stress -2.22023e-12 102.395 -3.93029e-12 102.395 1.94589e-12 -1.58709e-13 -3.93029e-12 -1.58709e-13 -8.23762e-14
Strain 0 0.00466667 0 0.00466667 0 0 0 0 0
Strain mean -5.47957e-19 0.00466667 -1.96514e-17 0.00466667 1.97408e-33 -7.93547e-19 -1.96514e-17 -7.93547e-19 -8.67421e-34
Plastic strain_mean 1.01413e-17 0.00415469 0 0.00415469 -1.01413e-17 0 0 0 0
Plastic strain_rate_mean 0 0 0 0 0 0 0 0 0
Dissipation 0.0338835
End step 14
Begin step 15
Stress -1.05918e-12 102.598 -3.17183e-12 102.598 1.44641e-12 -2.16921e-13 -3.17183e-12 -2.16921e-13 1.16272e-13
Strain 0 0.005 0 0.005 0 0 0 0 0
Strain mean 7.73426e-19 0.005 -1.58591e-17 0.005 5.20603e-34 -1.0846e-18 -1.58591e-17 -1.0846e-18 -3.91957e-34
Plastic strain_mean 6.6507e-18 0.00448701 0 0.00448701 -6.6507e-18 0 0 0 0
Plastic strain_rate_mean 0 0 0 0 0 0 0 0 0
Dissipation 0.0339413
End step 15
Begin step 16
Stress -1.0262e-12 102.802 -7.55209e-12 102.802 6.19456e-13 2.59336e-12 -7.55209e-12 2.59336e-12 -1.22132e-13
Strain 0 0.00533333 0 0.00533333 0 0 0 0 0
Strain mean -8.12408e-19 0.00533333 -3.77605e-17 0.00533333 6.16899e-34 1.29668e-17 -3.77605e-17 1.29668e-17 -3.96471e-33
Plastic strain_mean 3.70794e-18 0.00481932 0 0.00481932 -3.70794e-18 0 0 0 0
Plastic strain_rate_mean 0 0 0 0 0 0 0 0 0
Dissipation 0.0339993
End step 16
Begin step 17
Stress 7.99954e-13 103.005 2.59917e-12 103.005 -4.18572e-13 -1.06205e-12 2.59917e-12 -1.06205e-12 1.14516e-13
Strain 0 0.00566667 0 0.00566667 0 0 0 0 0
Strain mean 7.61749e-19 0.00566667 1.29958e-17 0.00566667 2.18713e-32 -5.31023e-18 1.29958e-17 -5.31023e-18 -1.60394e-33
Plastic strain_mean -2.66544e-18 0.00515164 0 0.00515164 2.66544e-18 0 0 0 0
Plastic strain_rate_mean 0 0 0 0 0 0 0 0 0
Dissipation 0.0340574
End step 17
Begin step 18
Stress -1.39968e-12 103.209 -3.62738e-12 103.209 3.98175e-13 5.93781e-13 -3.62738e-12 5.93781e-13 -3.00719e-13
Strain 0 0.006 0 0.006 0 0 0 0 0
Strain mean -2.00035e-18 0.006 -1.81369e-17 0.006 1.67556e-32 2.9689e-18 -1.81369e-17 2.9689e-18 1.53473e-34
Plastic strain_mean 3.49447e-18 0.00548395 0 0.00548395 -3.49447e-18 0 0 0 0
Plastic strain_rate_mean 0 0 0 0 0 0 0 0 0
Dissipation 0.0341155
End step 18
Begin step 19
Stress 1.3723e-13 103.413 1.36005e-12 103.413 -2.10644e-13 -4.65007e-13 1.36005e-12 -4.65007e-13 -2.20438e-14
Strain 0 0.00633333 0 0.00633333 0 0 0 0 0
Strain mean -1.46633e-19 0.00633333 6.80026e-18 0.00633333 -3.75556e-33 -2.32503e-18 6.80026e-18 -2.32503e-18 -1.23079e-33
Plastic strain_mean -9.43003e-19 0.00581627 0 0.00581627 9.43003e-19 0 0 0 0
Plastic strain_rate_mean 0 0 0 0 0 0 0 0 0
Dissipation 0.0341738
End step 19
Begin step 20
Stress 4.2518e-13 103.618 5.18726e-13 103.618 -2.94175e-13 -3.61789e-13 5.18726e-13 -3.61789e-13 3.93366e-14
Strain 0 0.00666667 0 0.00666667 0 0 0 0 0
Strain mean 2.61662e-19 0.00666667 2.59363e-18 0.00666667 5.10973e-33 -1.80894e-18 2.59363e-18 -1.80894e-18 -3.6036e-34
Plastic strain_mean -1.66756e-18 0.00614858 0 0.00614858 1.66756e-18 0 0 0 0
Plastic strain_rate_mean 0 0 0 0 0 0 0 0 0
Dissipation 0.0342321
End step 20
Begin step 21
Stress -8.91579e-13 103.822 5.19966e-12 103.822 1.38093e-12 -2.71298e-12 5.19966e-12 -2.71298e-12 1.46936e-13
Strain 0 0.007 0 0.007 0 0 0 0 0
Strain mean 9.77399e-19 0.007 2.59983e-17 0.007 3.26596e-32 -1.35649e-17 2.59983e-17 -1.35649e-17 -4.81482e-34
Plastic strain_mean 6.16997e-18 0.00648089 0 0.00648089 -6.16997e-18 0 0 0 0
Plastic strain_rate_mean 0 0 0 0 0 0 0 0 0
Dissipation 0.0342904
End step 21
Begin step 22
Stress -1.20203e-12 104.027 3.65563e-12 104.027 9.76667e-13 -2.20454e-12 3.65563e-12 -2.20454e-12 -6.76687e-14
Strain 0 0.00733333 0 0.00733333 0 0 0 0 0
Strain mean -4.50124e-19 0.00733333 1.82781e-17 0.00733333 -8.3778e-33 -1.10227e-17 1.82781e-17 -1.10227e-17 -6.01853e-34
Plastic strain_mean 5.22168e-18 0.0068132 0 0.0068132 -5.22168e-18 0 0 0 0
Plastic strain_rate_mean 0 0 0 0 0 0 0 0 0
Dissipation 0.0343488
End step 22
Begin step 23
Stress -1.21711e-12 104.232 -6.76133e-12 104.232 1.04137e-12 2.91781e-12 -6.76133e-12 2.91781e-12 -5.2769e-14
Strain 0 0.00766667 0 0.00766667 0 0 0 0 0
Strain mean -3.51013e-19 0.00766667 -3.38066e-17 0.00766667 -3.23556e-32 1.4589e-17 -3.38066e-17 1.4589e-17 -7.88428e-34
Plastic strain_mean 5.47072e-18 0.00714551 0 0.00714551 -5.47072e-18 0 0 0 0
Plastic strain_rate_mean 0 0 0 0 0 0 0 0 0
Dissipation 0.0344073
End step 23
Begin step 24
Stress 3.79224e-13 104.437 2.50539e-12 104.437 -9.36173e-13 -1.42187e-12 2.50539e-12 -1.42187e-12 -1.67233e-13
Strain 0 0.008 0 0.008 0 0 0 0 0
Strain mean -1.11241e-18 0.008 1.25269e-17 0.008 3.9963e-33 -7.10933e-18 1.25269e-17 -7.10933e-18 3.00927e-34
Plastic strain_mean -3.8447e-18 0.00747782 0 0.00747782 3.8447e-18 0 0 0 0
Plastic strain_rate_mean 0 0 0 0 0 0 0 0 0
Dissipation 0.0344658
End step 24
Begin step 25
Stress -2.5794e-13 104.642 1.66287e-12 104.642 1.37003e-12 -8.68588e-13 1.66287e-12 -8.68588e-13 3.33924e-13
Strain 0 0.00833333 0 0.00833333 0 0 0 0 0
Strain mean 2.22122e-18 0.00833333 8.31433e-18 0.00833333 3.11038e-32 -4.34294e-18 8.31433e-18 -4.34294e-18 -3.25001e-34
Plastic strain_mean 5.18055e-18 0.00781012 0 0.00781012 -5.18055e-18 0 0 0 0
Plastic strain_rate_mean 0 0 0 0 0 0 0 0 0
Dissipation 0.0345243
End step 25
Begin step 26
Stress 3.32084e-12 104.847 8.88006e-13 104.847 -3.412e-12 1.01907e-12 8.88006e-13 1.01907e-12 -2.73714e-14
Strain 0 0.00866667 0 0.00866667 0 0 0 0 0
Strain mean -1.82071e-19 0.00866667 4.44003e-18 0.00866667 4.6776e-32 5.09534e-18 4.44003e-18 5.09534e-18 3.11459e-34
Plastic strain_mean -1.69231e-17 0.00814243 0 0.00814243 1.69231e-17 0 0 0 0
Plastic strain_rate_mean 0 0 0 0 0 0 0 0 0
Dissipation 0.0345829
End step 26
Begin step 27
Stress 2.1649e-12 105.053 1.60112e-12 105.053 -1.65577e-12 8.90189e-13 1.60112e-12 8.90189e-13 1.52875e-13
Strain 0 0.009 0 0.009 0 0 0 0 0
Strain mean 1.0169e-18 0.009 8.00561e-18 0.009 6.51205e-33 4.45095e-18 8.00561e-18 4.45095e-18 1.39555e-33
Plastic strain_mean -9.04323e-18 0.00847474 0 0.00847474 9.04323e-18 0 0 0 0
Plastic strain_rate_mean 0 0 0 0 0 0 0 0 0
Dissipation 0.0346415
End step 27
Begin step 28
Stress 1.55377e-12 105.258 2.27819e-12 105.258 -2.49949e-12 7.7846e-13 2.27819e-12 7.7846e-13 -2.83967e-13
Strain 0 0.00933333 0 0.00933333 0 0 0 0 0
Strain mean -1.88892e-18 0.00933333 1.13909e-17 0.00933333 -4.03843e-33 3.8923e-18 1.13909e-17 3.8923e-18 -7.54573e-34
Plastic strain_mean -1.10776e-17 0.00880704 0 0.00880704 1.10776e-17 0 0 0 0
Plastic strain_rate_mean 0 0 0 0 0 0 0 0 0
Dissipation 0.0347001
End step 28
Begin step 29
Stress 1.68199e-12 105.463 -8.07434e-13 105.463 -1.57077e-12 4.0676e-13 -8.07434e-13 4.0676e-13 3.33976e-14
Strain 0 0.00966667 0 0.00966667 0 0 0 0 0
Strain mean 2.22157e-19 0.00966667 -4.03717e-18 0.00966667 3.71945e-33 2.0338e-18 -4.03717e-18 2.0338e-18 -2.25695e-34
Plastic strain_mean -8.02082e-18 0.00913935 0 0.00913935 8.02082e-18 0 0 0 0
Plastic strain_rate_mean 0 0 0 0 0 0 0 0 0
Dissipation 0.0347587
End step 29
Begin step 30
Stress -7.83584e-14 105.669 1.01936e-12 105.669 -1.936e-13 4.00564e-13 1.01936e-12 4.00564e-13 -8.166e-14
Strain 0 0.01 0 0.01 0 0 0 0 0
Strain mean -5.43193e-19 0.01 5.09679e-18 0.01 1.92593e-34 2.00282e-18 5.09679e-18 2.00282e-18 -1.74537e-34
Plastic strain_mean -5.59702e-19 0.00947166 0 0.00947166 5.59702e-19 0 0 0 0
Plastic strain_rate_mean 0 0 0 0 0 0 0 0 0
Dissipation 0.0348173
End step 30
