Begin step 0
Stress 0 0 0 0 0 0 0 0 0
Strain 0 0 0 0 0 0 0 0 0
Strain mean 0 0 0 0 0 0 0 0 0
Plastic strain_mean 0 0 0 0 0 0 0 0 0
Plastic strain_rate_mean 0 0 0 0 0 0 0 0 0
Dissipation 0
End step 0
Begin step 1
Stress -3.59309e-15 6.66624 3.91354e-12 6.66624 5.15649e-15 6.11192e-12 3.91354e-12 6.11192e-12 4.69436e-16
Strain 0 3.33333e-05 0 3.33333e-05 0 0 0 0 0
Strain mean 3.12264e-21 3.33333e-05 1.95677e-17 3.33333e-05 4.0926e-34 3.05596e-17 1.95677e-17 3.05596e-17 -3.40047e-34
Plastic strain_mean 2.34353e-20 2.1419e-09 0 2.1419e-09 -2.34353e-20 0 0 0 0
Plastic strain_rate_mean 0 0 0 0 0 0 0 0 0
Dissipation 1.42784e-08
End step 1
Begin step 2
Stress 7.85311e-15 13.332 3.04418e-12 13.332 8.36478e-16 -2.05824e-12 3.04418e-12 -2.05824e-12 2.60919e-15
Strain 0 6.66667e-05 0 6.66667e-05 0 0 0 0 0
Strain mean 1.7356e-20 6.66667e-05 1.52209e-17 6.66667e-05 -1.12667e-32 -1.02912e-17 1.52209e-17 -1.02912e-17 -7.52316e-35
Plastic strain_mean -8.86357e-21 6.42555e-09 0 6.42555e-09 8.86357e-21 0 0 0 0
Plastic strain_rate_mean 0 0 0 0 0 0 0 0 0
Dissipation 5.71099e-08
End step 2
Begin step 3
Stress 2.02727e-14 19.9974 3.04872e-12 19.9974 -3.03899e-15 -2.06153e-12 3.04872e-12 -2.06153e-12 5.17471e-15
Strain 0 0.0001 0 0.0001 0 0 0 0 0
Strain mean 3.44216e-20 0.0001 1.52436e-17 0.0001 3.18741e-32 -1.03077e-17 1.52436e-17 -1.03077e-17 1.88079e-34
Plastic strain_mean -4.10685e-20 1.28508e-08 0 1.28508e-08 4.10685e-20 0 0 0 0
Plastic strain_rate_mean 0 0 0 0 0 0 0 0 0
Dissipation 1.28489e-07
End step 3
Begin step 4
Stress 1.7768e-14 26.6624 3.0448e-12 26.6624 -1.33287e-14 -2.05998e-12 3.0448e-12 -2.05998e-12 1.33298e-15
Strain 0 0.000133333 0 0.000133333 0 0 0 0 0
Strain mean 8.86683e-21 0.000133333 1.5224e-17 0.000133333 -1.08334e-32 -1.02999e-17 1.5224e-17 -1.02999e-17 1.38426e-34
Plastic strain_mean -7.33083e-20 2.14176e-08 0 2.14176e-08 7.33083e-20 0 0 0 0
Plastic strain_rate_mean 0 0 0 0 0 0 0 0 0
Dissipation 2.2841e-07
End step 4
Begin step 5
Stress 2.50611e-14 33.3269 3.0416e-12 33.3269 -1.94111e-14 -2.05929e-12 3.0416e-12 -2.05929e-12 1.69652e-15
Strain 0 0.000166667 0 0.000166667 0 0 0 0 0
Strain mean 1.12851e-20 0.000166667 1.5208e-17 0.000166667 -2.99482e-32 -1.02965e-17 1.5208e-17 -1.02965e-17 2.94908e-34
Plastic strain_mean -1.05538e-19 3.21257e-08 0 3.21257e-08 1.05538e-19 0 0 0 0
Plastic strain_rate_mean 0 0 0 0 0 0 0 0 0
Dissipation 3.56868e-07
End step 5
Begin step 6
Stress 4.8322e-14 39.991 3.04176e-12 39.991 -1.86392e-14 -2.05949e-12 3.04176e-12 -2.05949e-12 8.91274e-15
Strain 0 0.0002 0 0.0002 0 0 0 0 0
Strain mean 5.92865e-20 0.0002 1.52088e-17 0.0002 -1.3626e-32 -1.02975e-17 1.52088e-17 -1.02975e-17 4.25811e-34
Plastic strain_mean -1.3776e-19 4.4975e-08 0 4.4975e-08 1.3776e-19 0 0 0 0
Plastic strain_rate_mean 0 0 0 0 0 0 0 0 0
Dissipation 5.13857e-07
End step 6
Begin step 7
Stress -4.19756e-15 46.6547 -7.05578e-13 46.6547 -1.49704e-14 -7.42906e-13 -7.05578e-13 -7.42906e-13 -5.75551e-15
Strain 0 0.000233333 0 0.000233333 0 0 0 0 0
Strain mean -3.8285e-20 0.000233333 -3.52789e-18 0.000233333 1.20371e-34 -3.71453e-18 -3.52789e-18 -3.71453e-18 -1.09989e-33
Plastic strain_mean -4.60747e-20 5.99832e-08 0 5.99832e-08 4.60747e-20 0 0 0 0
Plastic strain_rate_mean 0 0 0 0 0 0 0 0 0
Dissipation 7.002e-07
End step 7
Begin step 8
Stress 2.06054e-14 53.3179 1.69609e-12 53.3179 -2.05254e-14 -1.34251e-13 1.69609e-12 -1.34251e-13 2.40177e-17
Strain 0 0.000266667 0 0.000266667 0 0 0 0 0
Strain mean 1.59763e-22 0.000266667 8.48047e-18 0.000266667 -1.86574e-34 -6.71257e-19 8.48047e-18 -6.71257e-19 -1.35868e-33
Plastic strain_mean -1.02747e-19 7.73137e-08 0 7.73137e-08 1.02747e-19 0 0 0 0
Plastic strain_rate_mean 0 0 0 0 0 0 0 0 0
Dissipation 9.24026e-07
End step 8
Begin step 9
Stress 4.81911e-15 59.9805 -1.39446e-12 59.9805 -2.82701e-14 2.29355e-12 -1.39446e-12 2.29355e-12 -7.04154e-15
Strain 0 0.0003 0 0.0003 0 0 0 0 0
Strain mean -4.68395e-20 0.0003 -6.9723e-18 0.0003 -5.95835e-34 1.14678e-17 -6.9723e-18 1.14678e-17 -1.46025e-33
Plastic strain_mean -1.06143e-19 9.76418e-08 0 9.76418e-08 1.06143e-19 0 0 0 0
Plastic strain_rate_mean 0 0 0 0 0 0 0 0 0
Dissipation 1.21929e-06
End step 9
Begin step 10
Stress -3.11781e-15 66.6422 -2.04096e-12 66.6422 -1.18472e-14 2.32529e-12 -2.04096e-12 2.32529e-12 -4.49349e-15
Strain 0 0.000333333 0 0.000333333 0 0 0 0 0
Strain mean -2.98902e-20 0.000333333 -1.02048e-17 0.000333333 6.62038e-35 1.16264e-17 -1.02048e-17 1.16264e-17 -2.61505e-33
Plastic strain_mean -3.67685e-20 1.22108e-07 0 1.22108e-07 3.67685e-20 0 0 0 0
Plastic strain_rate_mean 0 0 0 0 0 0 0 0 0
Dissipation 1.63045e-06
End step 10
Begin step 11
Stress 5.88918e-14 73.3028 4.48192e-12 73.3028 -2.23883e-14 7.70757e-13 4.48192e-12 7.70757e-13 1.09608e-14
Strain 0 0.000366667 0 0.000366667 0 0 0 0 0
Strain mean 7.29099e-20 0.000366667 2.24096e-17 0.000366667 7.82409e-34 3.85378e-18 2.24096e-17 3.85378e-18 1.31204e-33
Plastic strain_mean -1.66745e-19 1.52757e-07 0 1.52757e-07 1.66745e-19 0 0 0 0
Plastic strain_rate_mean 0 0 0 0 0 0 0 0 0
Dissipation 2.24672e-06
End step 11
Begin step 12
Stress 2.73295e-14 79.9613 1.27331e-13 79.9613 -1.65384e-14 -3.12735e-12 1.27331e-13 -3.12735e-12 3.2402e-15
Strain 0 0.0004 0 0.0004 0 0 0 0 0
Strain mean 2.15534e-20 0.0004 6.36655e-19 0.0004 1.03519e-33 -1.56367e-17 6.36655e-19 -1.56367e-17 3.56607e-33
Plastic strain_mean -9.88931e-20 1.93731e-07 0 1.93731e-07 9.88931e-20 0 0 0 0
Plastic strain_rate_mean 0 0 0 0 0 0 0 0 0
Dissipation 3.2763e-06
End step 12
Begin step 13
Stress 6.31672e-14 86.6156 -4.97195e-12 86.6156 -3.60295e-14 2.72901e-12 -4.97195e-12 2.72901e-12 8.14854e-15
Strain 0 0.000433333 0 0.000433333 0 0 0 0 0
Strain mean 5.42031e-20 0.000433333 -2.48597e-17 0.000433333 5.89816e-34 1.3645e-17 -2.48597e-17 1.3645e-17 -6.79342e-34
Plastic strain_mean -2.2089e-19 2.55286e-07 0 2.55286e-07 2.2089e-19 0 0 0 0
Plastic strain_rate_mean 0 0 0 0 0 0 0 0 0
Dissipation 5.33159e-06
End step 13
Begin step 14
Stress 1.19663e-13 93.2581 1.0168e-12 93.2581 -1.26527e-13 -3.47401e-12 1.0168e-12 -3.47401e-12 -2.06115e-15
Strain 0 0.000466667 0 0.000466667 0 0 0 0 0
Strain mean -1.37105e-20 0.000466667 5.08398e-18 0.000466667 -3.12964e-34 -1.73701e-17 5.08398e-18 -1.73701e-17 5.09469e-33
Plastic strain_mean -6.22331e-19 3.76211e-07 0 3.76211e-07 6.22331e-19 0 0 0 0
Plastic strain_rate_mean 0 0 0 0 0 0 0 0 0
Dissipation 1.12772e-05
End step 14
Begin step 15
Stress -8.96619e-13 99.6438 -2.90607e-12 99.6438 8.60014e-13 4.2044e-12 -2.90607e-12 4.2044e-12 -1.09914e-14
Strain 0 0.0005 0 0.0005 0 0 0 0 0
Strain mean -7.31132e-20 0.0005 -1.45304e-17 0.0005 -1.50223e-32 2.1022e-17 -1.45304e-17 2.1022e-17 1.19317e-33
Plastic strain_mean 4.35503e-18 1.78112e-06 0 1.78112e-06 -4.35503e-18 0 0 0 0
Plastic strain_rate_mean 0 0 0 0 0 0 0 0 0
Dissipation 0.000139989
End step 15
Begin step 16
Stress 3.61608e-12 100.243 3.30471e-12 100.243 -3.61116e-12 -1.83977e-12 3.30471e-12 -1.83977e-12 1.47599e-15
Strain 0 0.000533333 0 0.000533333 0 0 0 0 0
Strain mean 9.81815e-21 0.000533333 1.65236e-17 0.000533333 1.97889e-32 -9.19887e-18 1.65236e-17 -9.19887e-18 -8.9977e-34
Plastic strain_mean -1.80632e-17 3.21161e-05 0 3.21161e-05 1.80632e-17 0 0 0 0
Plastic strain_rate_mean 0 0 0 0 0 0 0 0 0
Dissipation 0.00304075
End step 16
Begin step 17
Stress -1.63889e-12 100.266 1.91882e-14 100.266 1.53881e-12 3.16059e-12 1.91882e-14 3.16059e-12 -3.00526e-14
Strain 0 0.000566667 0 0.000566667 0 0 0 0 0
Strain mean -1.99907e-19 0.000566667 9.59411e-20 0.000566667 -6.77687e-33 1.5803e-17 9.59411e-20 1.5803e-17 -5.75447e-33
Plastic strain_mean 7.84429e-18 6.53357e-05 0 6.53357e-05 -7.84429e-18 0 0 0 0
Plastic strain_rate_mean 0 0 0 0 0 0 0 0 0
Dissipation 0.00333056
End step 17
Begin step 18
Stress -1.44968e-12 100.287 -3.1228e-12 100.287 1.39727e-12 8.47594e-13 -3.1228e-12 8.47594e-13 -1.57381e-14
Strain 0 0.0006 0 0.0006 0 0 0 0 0
Strain mean -1.04688e-19 0.0006 -1.5614e-17 0.0006 -5.65742e-34 4.23797e-18 -1.5614e-17 4.23797e-18 1.02042e-33
Plastic strain_mean 7.06504e-18 9.85667e-05 0 9.85667e-05 -7.06504e-18 0 0 0 0
Plastic strain_rate_mean 0 0 0 0 0 0 0 0 0
Dissipation 0.00333229
End step 18
Begin step 19
Stress -1.39148e-12 100.307 4.1334e-12 100.307 1.37167e-12 -1.70964e-12 4.1334e-12 -1.70964e-12 -5.94765e-15
Strain 0 0.000633333 0 0.000633333 0 0 0 0 0
Strain mean -3.95631e-20 0.000633333 2.0667e-17 0.000633333 2.94667e-32 -8.54818e-18 2.0667e-17 -8.54818e-18 -3.55018e-33
Plastic strain_mean 6.8881e-18 0.000131797 0 0.000131797 -6.8881e-18 0 0 0 0
Plastic strain_rate_mean 0 0 0 0 0 0 0 0 0
Dissipation 0.00333285
End step 19
Begin step 20
Stress 2.42988e-12 100.328 1.09309e-13 100.328 -2.42397e-12 2.6987e-13 1.09309e-13 2.6987e-13 1.77294e-15
Strain 0 0.000666667 0 0.000666667 0 0 0 0 0
Strain mean 1.17934e-20 0.000666667 5.46544e-19 0.000666667 -7.27039e-33 1.34935e-18 5.46544e-19 1.34935e-18 1.25486e-33
Plastic strain_mean -1.21287e-17 0.000165028 0 0.000165028 1.21287e-17 0 0 0 0
Plastic strain_rate_mean 0 0 0 0 0 0 0 0 0
Dissipation 0.00333341
End step 20
Begin step 21
Stress 8.81785e-13 100.348 -6.88772e-12 100.348 -9.25779e-13 2.90677e-12 -6.88772e-12 2.90677e-12 -1.32097e-14
Strain 0 0.0007 0 0.0007 0 0 0 0 0
Strain mean -8.78695e-20 0.0007 -3.44386e-17 0.0007 -5.60927e-33 1.45338e-17 -3.44386e-17 1.45338e-17 -2.20278e-33
Plastic strain_mean -4.56284e-18 0.000198258 0 0.000198258 4.56284e-18 0 0 0 0
Plastic strain_rate_mean 0 0 0 0 0 0 0 0 0
Dissipation 0.00333398
End step 21
Begin step 22
Stress 1.56967e-12 100.369 -1.30981e-12 100.369 -1.53035e-12 1.64901e-12 -1.30981e-12 1.64901e-12 1.1808e-14
Strain 0 0.000733333 0 0.000733333 0 0 0 0 0
Strain mean 7.85452e-20 0.000733333 -6.54904e-18 0.000733333 2.2726e-32 8.24504e-18 -6.54904e-18 8.24504e-18 -1.06829e-33
Plastic strain_mean -7.71077e-18 0.000231488 0 0.000231488 7.71077e-18 0 0 0 0
Plastic strain_rate_mean 0 0 0 0 0 0 0 0 0
Dissipation 0.00333456
End step 22
Begin step 23
Stress 3.26769e-13 100.39 -3.47276e-13 100.39 -3.23191e-13 7.88826e-13 -3.47276e-13 7.88826e-13 1.07424e-15
Strain 0 0.000766667 0 0.000766667 0 0 0 0 0
Strain mean 7.14575e-21 0.000766667 -1.73638e-18 0.000766667 -4.9352e-34 3.94413e-18 -1.73638e-18 3.94413e-18 4.21297e-35
Plastic strain_mean -1.62133e-18 0.000264718 0 0.000264718 1.62133e-18 0 0 0 0
Plastic strain_rate_mean 0 0 0 0 0 0 0 0 0
Dissipation 0.00333515
End step 23
Begin step 24
Stress -5.16749e-12 100.41 1.32593e-12 100.41 5.18581e-12 -7.44838e-13 1.32593e-12 -7.44838e-13 5.50223e-15
Strain 0 0.0008 0 0.0008 0 0 0 0 0
Strain mean 3.66002e-20 0.0008 6.62965e-18 0.0008 5.05557e-34 -3.72419e-18 6.62965e-18 -3.72419e-18 8.4109e-34
Plastic strain_mean 2.59015e-17 0.000297948 0 0.000297948 -2.59015e-17 0 0 0 0
Plastic strain_rate_mean 0 0 0 0 0 0 0 0 0
Dissipation 0.00333574
End step 24
Begin step 25
Stress -2.8003e-12 100.431 8.50678e-13 100.431 2.84351e-12 -4.54845e-13 8.50678e-13 -4.54845e-13 1.29739e-14
Strain 0 0.000833333 0 0.000833333 0 0 0 0 0
Strain mean 8.63009e-20 0.000833333 4.25339e-18 0.000833333 -9.87039e-34 -2.27423e-18 4.25339e-18 -2.27423e-18 7.29747e-35
Plastic strain_mean 1.41527e-17 0.000331178 0 0.000331178 -1.41527e-17 0 0 0 0
Plastic strain_rate_mean 0 0 0 0 0 0 0 0 0
Dissipation 0.00333632
End step 25
Begin step 26
Stress -1.71897e-12 100.452 5.65279e-13 100.452 1.64038e-12 -2.68245e-13 5.65279e-13 -2.68245e-13 -2.35984e-14
Strain 0 0.000866667 0 0.000866667 0 0 0 0 0
Strain mean -1.56974e-19 0.000866667 2.82639e-18 0.000866667 -1.19769e-33 -1.34122e-18 2.82639e-18 -1.34122e-18 -3.00927e-36
Plastic strain_mean 8.3199e-18 0.000364408 0 0.000364408 -8.3199e-18 0 0 0 0
Plastic strain_rate_mean 0 0 0 0 0 0 0 0 0
Dissipation 0.00333691
End step 26
Begin step 27
Stress -4.98303e-13 100.472 2.91126e-13 100.472 4.98739e-13 -8.16437e-14 2.91126e-13 -8.16437e-14 1.31005e-16
Strain 0 0.0009 0 0.0009 0 0 0 0 0
Strain mean 8.71433e-22 0.0009 1.45563e-18 0.0009 4.1889e-33 -4.08219e-19 1.45563e-18 -4.08219e-19 2.15633e-34
Plastic strain_mean 2.49304e-18 0.000397638 0 0.000397638 -2.49304e-18 0 0 0 0
Plastic strain_rate_mean 0 0 0 0 0 0 0 0 0
Dissipation 0.0033375
End step 27
Begin step 28
Stress -1.78153e-12 100.493 5.65667e-13 100.493 1.76008e-12 -3.05652e-13 5.65667e-13 -3.05652e-13 -6.4411e-15
Strain 0 0.000933333 0 0.000933333 0 0 0 0 0
Strain mean -4.28455e-20 0.000933333 2.82833e-18 0.000933333 -4.97281e-34 -1.52826e-18 2.82833e-18 -1.52826e-18 1.22628e-34
Plastic strain_mean 8.83262e-18 0.000430868 0 0.000430868 -8.83262e-18 0 0 0 0
Plastic strain_rate_mean 0 0 0 0 0 0 0 0 0
Dissipation 0.00333809
End step 28
Begin step 29
Stress -2.93281e-12 100.514 8.92535e-13 100.514 3.08039e-12 -5.29661e-13 8.92535e-13 -5.29661e-13 4.43148e-14
Strain 0 0.000966667 0 0.000966667 0 0 0 0 0
Strain mean 2.94777e-19 0.000966667 4.46267e-18 0.000966667 9.75002e-34 -2.6483e-18 4.46267e-18 -2.6483e-18 1.60996e-34
Plastic strain_mean 1.51804e-17 0.000464098 0 0.000464098 -1.51804e-17 0 0 0 0
Plastic strain_rate_mean 0 0 0 0 0 0 0 0 0
Dissipation 0.00333868
End step 29
Begin step 30
Stress -4.43441e-12 100.534 1.21105e-12 100.534 4.25177e-12 -7.53669e-13 1.21105e-12 -7.53669e-13 -5.48389e-14
Strain 0 0.001 0 0.001 0 0 0 0 0
Strain mean -3.64782e-19 0.001 6.05525e-18 0.001 4.14075e-33 -3.76835e-18 6.05525e-18 -3.76835e-18 -8.65164e-34
Plastic strain_mean 2.15331e-17 0.000497329 0 0.000497329 -2.15331e-17 0 0 0 0
Plastic strain_rate_mean 0 0 0 0 0 0 0 0 0
Dissipation 0.00333927
End step 30
