Begin step 0
Stress 0 0 0 0 0 0 0 0 0
Strain 0 0 0 0 0 0 0 0 0
Strain mean 0 0 0 0 0 0 0 0 0
Plastic strain_mean 0 0 0 0 0 0 0 0 0
Plastic strain_rate_mean 0 0 0 0 0 0 0 0 0
Dissipation 0
End step 0
Begin step 1
Stress -7.15742e-15 6.66538 5.46777e-12 6.66538 8.5772e-15 6.04595e-12 5.46777e-12 6.04595e-12 4.26313e-16
Strain 0 3.33333e-05 0 3.33333e-05 0 0 0 0 0
Strain mean 2.83579e-21 3.33333e-05 2.73389e-17 3.33333e-05 -9.24446e-33 3.02297e-17 2.73389e-17 3.02297e-17 2.26372e-33
Plastic strain_mean 4.07544e-20 6.42486e-09 0 6.42486e-09 -4.07544e-20 0 0 0 0
Plastic strain_rate_mean 0 0 0 0 0 0 0 0 0
Dissipation 4.28242e-08
End step 1
Begin step 2
Stress 1.23789e-14 13.3295 3.18005e-12 13.3295 -8.24321e-15 -4.38507e-12 3.18005e-12 -4.38507e-12 1.24182e-15
Strain 0 6.66667e-05 0 6.66667e-05 0 0 0 0 0
Strain mean 8.26046e-21 6.66667e-05 1.59002e-17 6.66667e-05 2.15704e-32 -2.19254e-17 1.59002e-17 -2.19254e-17 1.35116e-33
Plastic strain_mean -4.74251e-20 1.92733e-08 0 1.92733e-08 4.74251e-20 0 0 0 0
Plastic strain_rate_mean 0 0 0 0 0 0 0 0 0
Dissipation 1.71264e-07
End step 2
Begin step 3
Stress 1.979e-14 19.9923 3.22282e-12 19.9923 -3.01012e-14 -4.4165e-12 3.22282e-12 -4.4165e-12 -3.09609e-15
Strain 0 0.0001 0 0.0001 0 0 0 0 0
Strain mean -2.05949e-20 0.0001 1.61141e-17 0.0001 4.16001e-32 -2.20825e-17 1.61141e-17 -2.20825e-17 1.05625e-33
Plastic strain_mean -1.35025e-19 3.85442e-08 0 3.85442e-08 1.35025e-19 0 0 0 0
Plastic strain_rate_mean 0 0 0 0 0 0 0 0 0
Dissipation 3.85268e-07
End step 3
Begin step 4
Stress 4.75804e-14 26.6538 3.19961e-12 26.6538 -4.32719e-14 -4.39625e-12 3.19961e-12 -4.39625e-12 1.29368e-15
Strain 0 0.000133333 0 0.000133333 0 0 0 0 0
Strain mean 8.6054e-21 0.000133333 1.59981e-17 0.000133333 5.62372e-32 -2.19813e-17 1.59981e-17 -2.19813e-17 9.99076e-34
Plastic strain_mean -2.22828e-19 6.42362e-08 0 6.42362e-08 2.22828e-19 0 0 0 0
Plastic strain_rate_mean 0 0 0 0 0 0 0 0 0
Dissipation 6.84789e-07
End step 4
Begin step 5
Stress 6.05018e-14 33.3141 3.19724e-12 33.3141 -6.27997e-14 -4.39785e-12 3.19724e-12 -4.39785e-12 -6.89962e-16
Strain 0 0.000166667 0 0.000166667 0 0 0 0 0
Strain mean -4.58955e-21 0.000166667 1.59862e-17 0.000166667 -7.80002e-32 -2.19892e-17 1.59862e-17 -2.19892e-17 1.0081e-33
Plastic strain_mean -3.10548e-19 9.63481e-08 0 9.63481e-08 3.10548e-19 0 0 0 0
Plastic strain_rate_mean 0 0 0 0 0 0 0 0 0
Dissipation 1.06978e-06
End step 5
Begin step 6
Stress 7.80313e-14 39.973 3.20529e-12 39.973 -8.03291e-14 -4.39587e-12 3.20529e-12 -4.39587e-12 -6.89962e-16
Strain 0 0.0002 0 0.0002 0 0 0 0 0
Strain mean -4.58955e-21 0.0002 1.60265e-17 0.0002 1.15556e-33 -2.19793e-17 1.60265e-17 -2.19793e-17 1.72732e-33
Plastic strain_mean -3.98196e-19 1.34879e-07 0 1.34879e-07 3.98196e-19 0 0 0 0
Plastic strain_rate_mean 0 0 0 0 0 0 0 0 0
Dissipation 1.54018e-06
End step 6
Begin step 7
Stress 1.16681e-13 46.6307 -3.83315e-13 46.6307 -8.76525e-14 -9.82209e-14 -3.83315e-13 -9.82209e-14 8.71623e-15
Strain 0 0.000233333 0 0.000233333 0 0 0 0 0
Strain mean 5.79793e-20 0.000233333 -1.91657e-18 0.000233333 3.73149e-34 -4.91105e-19 -1.91657e-18 -4.91105e-19 -5.83798e-33
Plastic strain_mean -4.81844e-19 1.79879e-07 0 1.79879e-07 4.81844e-19 0 0 0 0
Plastic strain_rate_mean 0 0 0 0 0 0 0 0 0
Dissipation 2.0984e-06
End step 7
Begin step 8
Stress 1.31605e-13 53.287 3.94433e-12 53.287 -1.47573e-13 9.22898e-13 3.94433e-12 9.22898e-13 -4.7948e-15
Strain 0 0.000266667 0 0.000266667 0 0 0 0 0
Strain mean -3.18945e-20 0.000266667 1.97216e-17 0.000266667 2.40741e-34 4.61449e-18 1.97216e-17 4.61449e-18 -5.60927e-33
Plastic strain_mean -7.13893e-19 2.31833e-07 0 2.31833e-07 7.13893e-19 0 0 0 0
Plastic strain_rate_mean 0 0 0 0 0 0 0 0 0
Dissipation 2.76846e-06
End step 8
Begin step 9
Stress 1.53418e-13 59.9415 -2.68114e-12 59.9415 -1.03949e-13 2.6735e-12 -2.68114e-12 2.6735e-12 1.48538e-14
Strain 0 0.0003 0 0.0003 0 0 0 0 0
Strain mean 9.8806e-20 0.0003 -1.34057e-17 0.0003 1.3301e-33 1.33675e-17 -1.34057e-17 1.33675e-17 -2.90093e-33
Plastic strain_mean -5.94013e-19 2.92745e-07 0 2.92745e-07 5.94013e-19 0 0 0 0
Plastic strain_rate_mean 0 0 0 0 0 0 0 0 0
Dissipation 3.65115e-06
End step 9
Begin step 10
Stress 5.52354e-14 66.5935 -3.51871e-12 66.5935 -5.89439e-14 4.56671e-12 -3.51871e-12 4.56671e-12 -1.11355e-15
Strain 0 0.000333333 0 0.000333333 0 0 0 0 0
Strain mean -7.40718e-21 0.000333333 -1.75935e-17 0.000333333 -3.61112e-34 2.28336e-17 -1.75935e-17 2.28336e-17 -4.47779e-33
Plastic strain_mean -2.89152e-19 3.65995e-07 0 3.65995e-07 2.89152e-19 0 0 0 0
Plastic strain_rate_mean 0 0 0 0 0 0 0 0 0
Dissipation 4.87797e-06
End step 10
Begin step 11
Stress 4.21274e-15 73.2418 -7.99821e-12 73.2418 2.74625e-14 -4.43964e-13 -7.99821e-12 -4.43964e-13 9.51099e-15
Strain 0 0.000366667 0 0.000366667 0 0 0 0 0
Strain mean 6.3266e-20 0.000366667 -3.9991e-17 0.000366667 1.26389e-34 -2.21982e-18 -3.9991e-17 -2.21982e-18 5.24816e-33
Plastic strain_mean 8.97573e-20 4.57613e-07 0 4.57613e-07 -8.97573e-20 0 0 0 0
Plastic strain_rate_mean 0 0 0 0 0 0 0 0 0
Dissipation 6.71022e-06
End step 11
Begin step 12
Stress -4.03429e-14 79.8841 3.7232e-12 79.8841 5.02614e-14 -1.13836e-12 3.7232e-12 -1.13836e-12 2.97819e-15
Strain 0 0.0004 0 0.0004 0 0 0 0 0
Strain mean 1.98106e-20 0.0004 1.8616e-17 0.0004 -1.92593e-33 -5.69178e-18 1.8616e-17 -5.69178e-18 -4.81482e-34
Plastic strain_mean 2.36416e-19 5.79688e-07 0 5.79688e-07 -2.36416e-19 0 0 0 0
Plastic strain_rate_mean 0 0 0 0 0 0 0 0 0
Dissipation 9.75184e-06
End step 12
Begin step 13
Stress -1.00999e-13 86.5143 3.04303e-13 86.5143 8.48856e-14 1.94535e-13 3.04303e-13 1.94535e-13 -4.83847e-15
Strain 0 0.000433333 0 0.000433333 0 0 0 0 0
Strain mean -3.21849e-20 0.000433333 1.52151e-18 0.000433333 -3.43658e-33 9.72675e-19 1.52151e-18 9.72675e-19 -6.67681e-35
Plastic strain_mean 4.4862e-19 7.61655e-07 0 7.61655e-07 -4.4862e-19 0 0 0 0
Plastic strain_rate_mean 0 0 0 0 0 0 0 0 0
Dissipation 1.57427e-05
End step 13
Begin step 14
Stress 9.81486e-14 93.1114 5.82382e-13 93.1114 -8.91754e-14 -4.44197e-12 5.82382e-13 -4.44197e-12 2.69434e-15
Strain 0 0.000466667 0 0.000466667 0 0 0 0 0
Strain mean 1.79225e-20 0.000466667 2.91191e-18 0.000466667 8.82317e-33 -2.22098e-17 2.91191e-18 -2.22098e-17 5.94179e-33
Plastic strain_mean -4.59349e-19 1.1097e-06 0 1.1097e-06 4.59349e-19 0 0 0 0
Plastic strain_rate_mean 0 0 0 0 0 0 0 0 0
Dissipation 3.24068e-05
End step 14
Begin step 15
Stress 5.55773e-13 99.3323 7.50128e-13 99.3323 -5.59292e-13 -4.01859e-12 7.50128e-13 -4.01859e-12 -1.05678e-15
Strain 0 0.0005 0 0.0005 0 0 0 0 0
Strain mean -7.02956e-21 0.0005 3.75064e-18 0.0005 -1.19408e-32 -2.0093e-17 3.75064e-18 -2.0093e-17 -9.62965e-34
Plastic strain_mean -2.79118e-18 3.33864e-06 0 3.33864e-06 2.79118e-18 0 0 0 0
Plastic strain_rate_mean 0 0 0 0 0 0 0 0 0
Dissipation 0.000221401
End step 15
Begin step 16
Stress 2.35611e-12 100.431 -1.93941e-12 100.431 -2.33134e-12 2.22974e-12 -1.93941e-12 2.22974e-12 7.43674e-15
Strain 0 0.000533333 0 0.000533333 0 0 0 0 0
Strain mean 4.94684e-20 0.000533333 -9.69706e-18 0.000533333 6.37964e-34 1.11487e-17 -9.69706e-18 1.11487e-17 7.22224e-35
Plastic strain_mean -1.16939e-17 3.11795e-05 0 3.11795e-05 1.16939e-17 0 0 0 0
Plastic strain_rate_mean 0 0 0 0 0 0 0 0 0
Dissipation 0.00279589
End step 16
Begin step 17
Stress 4.70483e-13 100.466 -4.10295e-13 100.466 -5.0002e-13 -2.91492e-13 -4.10295e-13 -2.91492e-13 -8.86907e-15
Strain 0 0.000566667 0 0.000566667 0 0 0 0 0
Strain mean -5.8996e-20 0.000566667 -2.05147e-18 0.000566667 -1.73334e-33 -1.45746e-18 -2.05147e-18 -1.45746e-18 -4.62073e-33
Plastic strain_mean -2.45576e-18 6.43349e-05 0 6.43349e-05 2.45576e-18 0 0 0 0
Plastic strain_rate_mean 0 0 0 0 0 0 0 0 0
Dissipation 0.00333068
End step 17
Begin step 18
Stress 3.05276e-12 100.487 -2.39232e-12 100.487 -3.02591e-12 3.41252e-12 -2.39232e-12 3.41252e-12 8.0612e-15
Strain 0 0.0006 0 0.0006 0 0 0 0 0
Strain mean 5.36222e-20 0.0006 -1.19616e-17 0.0006 -3.37038e-34 1.70626e-17 -1.19616e-17 1.70626e-17 7.22224e-35
Plastic strain_mean -1.51699e-17 9.75653e-05 0 9.75653e-05 1.51699e-17 0 0 0 0
Plastic strain_rate_mean 0 0 0 0 0 0 0 0 0
Dissipation 0.00333879
End step 18
Begin step 19
Stress 1.39842e-12 100.507 -1.03219e-12 100.507 -1.3965e-12 1.45306e-12 -1.03219e-12 1.45306e-12 5.76424e-16
Strain 0 0.000633333 0 0.000633333 0 0 0 0 0
Strain mean 3.83431e-21 0.000633333 -5.16095e-18 0.000633333 -1.15556e-33 7.26529e-18 -5.16095e-18 7.26529e-18 -4.30325e-34
Plastic strain_mean -6.9854e-18 0.000130797 0 0.000130797 6.9854e-18 0 0 0 0
Plastic strain_rate_mean 0 0 0 0 0 0 0 0 0
Dissipation 0.00333948
End step 19
Begin step 20
Stress 3.37304e-12 100.528 6.64648e-13 100.528 -3.38217e-12 4.98842e-12 6.64648e-13 4.98842e-12 -2.74238e-15
Strain 0 0.000666667 0 0.000666667 0 0 0 0 0
Strain mean -1.8242e-20 0.000666667 3.32324e-18 0.000666667 1.28797e-33 2.49421e-17 3.32324e-18 2.49421e-17 -4.25999e-33
Plastic strain_mean -1.68971e-17 0.000164028 0 0.000164028 1.68971e-17 0 0 0 0
Plastic strain_rate_mean 0 0 0 0 0 0 0 0 0
Dissipation 0.00334005
End step 20
Begin step 21
Stress 1.52918e-12 100.548 4.73273e-12 100.548 -1.5535e-12 -1.03802e-12 4.73273e-12 -1.03802e-12 -7.30137e-15
Strain 0 0.0007 0 0.0007 0 0 0 0 0
Strain mean -4.85679e-20 0.0007 2.36636e-17 0.0007 4.9352e-33 -5.1901e-18 2.36636e-17 -5.1901e-18 5.95835e-34
Plastic strain_mean -7.731e-18 0.000197259 0 0.000197259 7.731e-18 0 0 0 0
Plastic strain_rate_mean 0 0 0 0 0 0 0 0 0
Dissipation 0.00334062
End step 21
Begin step 22
Stress 6.22268e-13 100.569 2.30964e-12 100.569 -6.39429e-13 -5.10816e-13 2.30964e-12 -5.10816e-13 -5.15288e-15
Strain 0 0.000733333 0 0.000733333 0 0 0 0 0
Strain mean -3.42764e-20 0.000733333 1.15482e-17 0.000733333 -4.35742e-33 -2.55408e-18 1.15482e-17 -2.55408e-18 8.63659e-34
Plastic strain_mean -3.17138e-18 0.00023049 0 0.00023049 3.17138e-18 0 0 0 0
Plastic strain_rate_mean 0 0 0 0 0 0 0 0 0
Dissipation 0.00334118
End step 22
Begin step 23
Stress -7.60254e-13 100.589 3.0901e-12 100.589 7.48474e-13 -2.32648e-13 3.0901e-12 -2.32648e-13 -3.53715e-15
Strain 0 0.000766667 0 0.000766667 0 0 0 0 0
Strain mean -2.35287e-20 0.000766667 1.54505e-17 0.000766667 -9.62965e-34 -1.16324e-18 1.54505e-17 -1.16324e-18 1.89471e-33
Plastic strain_mean 3.76006e-18 0.000263721 0 0.000263721 -3.76006e-18 0 0 0 0
Plastic strain_rate_mean 0 0 0 0 0 0 0 0 0
Dissipation 0.00334175
End step 23
Begin step 24
Stress -9.16303e-12 100.61 -9.37881e-13 100.61 9.1383e-12 2.08386e-13 -9.37881e-13 2.08386e-13 -7.42364e-15
Strain 0 0.0008 0 0.0008 0 0 0 0 0
Strain mean -4.93812e-20 0.0008 -4.68941e-18 0.0008 2.88889e-33 1.04193e-18 -4.68941e-18 1.04193e-18 4.65232e-33
Plastic strain_mean 4.57286e-17 0.000296952 0 0.000296952 -4.57286e-17 0 0 0 0
Plastic strain_rate_mean 0 0 0 0 0 0 0 0 0
Dissipation 0.00334232
End step 24
Begin step 25
Stress 2.75981e-12 100.63 -6.42519e-13 100.63 -2.67189e-12 4.94655e-13 -6.42519e-13 4.94655e-13 2.63976e-14
Strain 0 0.000833333 0 0.000833333 0 0 0 0 0
Strain mean 1.75594e-19 0.000833333 -3.2126e-18 0.000833333 4.15519e-32 2.47327e-18 -3.2126e-18 2.47327e-18 -2.02185e-33
Plastic strain_mean -1.34915e-17 0.000330182 0 0.000330182 1.34915e-17 0 0 0 0
Plastic strain_rate_mean 0 0 0 0 0 0 0 0 0
Dissipation 0.0033429
End step 25
Begin step 26
Stress -5.21458e-12 100.651 -1.33154e-13 100.651 5.23523e-12 2.54955e-14 -1.33154e-13 2.54955e-14 6.20092e-15
Strain 0 0.000866667 0 0.000866667 0 0 0 0 0
Strain mean 4.12478e-20 0.000866667 -6.6577e-19 0.000866667 -1.28797e-33 1.27477e-19 -6.6577e-19 1.27477e-19 2.24491e-33
Plastic strain_mean 2.61451e-17 0.000363413 0 0.000363413 -2.61451e-17 0 0 0 0
Plastic strain_rate_mean 0 0 0 0 0 0 0 0 0
Dissipation 0.00334348
End step 26
Begin step 27
Stress -4.16793e-12 100.671 3.58037e-14 100.671 4.08162e-12 -2.3327e-14 3.58037e-14 -2.3327e-14 -2.59172e-14
Strain 0 0.0009 0 0.0009 0 0 0 0 0
Strain mean -1.72399e-19 0.0009 1.79019e-19 0.0009 2.29908e-33 -1.16635e-19 1.79019e-19 -1.16635e-19 1.51968e-33
Plastic strain_mean 2.05377e-17 0.000396643 0 0.000396643 -2.05377e-17 0 0 0 0
Plastic strain_rate_mean 0 0 0 0 0 0 0 0 0
Dissipation 0.00334406
End step 27
Begin step 28
Stress -3.12278e-12 100.692 1.19303e-13 100.692 3.16569e-12 -4.71058e-14 1.19303e-13 -4.71058e-14 1.28822e-14
Strain 0 0.000933333 0 0.000933333 0 0 0 0 0
Strain mean 8.56909e-20 0.000933333 5.96515e-19 0.000933333 8.30557e-34 -2.35529e-19 5.96515e-19 -2.35529e-19 1.45197e-33
Plastic strain_mean 1.5764e-17 0.000429873 0 0.000429873 -1.5764e-17 0 0 0 0
Plastic strain_rate_mean 0 0 0 0 0 0 0 0 0
Dissipation 0.00334464
End step 28
Begin step 29
Stress -2.45351e-12 100.713 1.82358e-13 100.713 2.51151e-12 -6.12353e-14 1.82358e-13 -6.12353e-14 1.7415e-14
Strain 0 0.000966667 0 0.000966667 0 0 0 0 0
Strain mean 1.15843e-19 0.000966667 9.1179e-19 0.000966667 1.74537e-34 -3.06176e-19 9.1179e-19 -3.06176e-19 1.02014e-33
Plastic strain_mean 1.24705e-17 0.000463103 0 0.000463103 -1.24705e-17 0 0 0 0
Plastic strain_rate_mean 0 0 0 0 0 0 0 0 0
Dissipation 0.00334522
End step 29
Begin step 30
Stress -3.71108e-12 100.733 1.53064e-12 100.733 3.49858e-12 -2.97143e-12 1.53064e-12 -2.97143e-12 -6.38084e-14
Strain 0 0.001 0 0.001 0 0 0 0 0
Strain mean -4.24446e-19 0.001 7.65318e-18 0.001 2.59278e-32 -1.48572e-17 7.65318e-18 -1.48572e-17 7.30198e-33
Plastic strain_mean 1.78119e-17 0.000496333 0 0.000496333 -1.78119e-17 0 0 0 0
Plastic strain_rate_mean 0 0 0 0 0 0 0 0 0
Dissipation 0.00334581
End step 30
