Begin step 0
Stress 0 0 0 0 0 0 0 0 0
Strain 0 0 0 0 0 0 0 0 0
Strain mean 0 0 0 0 0 0 0 0 0
Plastic strain_mean 0 0 0 0 0 0 0 0 0
Plastic strain_rate_mean 0 0 0 0 0 0 0 0 0
Dissipation 0
End step 0
Begin step 1
Stress -1.24354e-16 6.66453 -6.69622e-14 6.66453 4.91571e-16 1.72495e-12 -6.69622e-14 1.72495e-12 1.10263e-16
Strain 0 3.33333e-05 0 3.33333e-05 0 0 0 0 0
Strain mean 7.33456e-22 3.33333e-05 -3.34811e-19 3.33333e-05 6.01853e-34 8.62473e-18 -3.34811e-19 8.62473e-18 1.6393e-33
Plastic strain_mean 1.90654e-21 1.07067e-08 0 1.07067e-08 -1.90654e-21 0 0 0 0
Plastic strain_rate_mean 0 0 0 0 0 0 0 0 0
Dissipation 7.13552e-08
End step 1
Begin step 2
Stress 2.00825e-14 13.3269 2.55e-12 13.3269 -1.58068e-14 1.77899e-12 2.55e-12 1.77899e-12 1.28385e-15
Strain 0 6.66667e-05 0 6.66667e-05 0 0 0 0 0
Strain mean 8.54004e-21 6.66667e-05 1.275e-17 6.66667e-05 -1.28484e-31 8.89494e-18 1.275e-17 8.89494e-18 4.46575e-33
Plastic strain_mean -8.54531e-20 3.21167e-08 0 3.21167e-08 8.54531e-20 0 0 0 0
Plastic strain_rate_mean 0 0 0 0 0 0 0 0 0
Dissipation 2.85329e-07
End step 2
Begin step 3
Stress -2.09192e-14 19.9872 -5.5945e-14 19.9872 2.48895e-14 7.63239e-12 -5.5945e-14 7.63239e-12 1.19215e-15
Strain 0 0.0001 0 0.0001 0 0 0 0 0
Strain mean 7.93004e-21 0.0001 -2.79725e-19 0.0001 4.19853e-32 3.8162e-17 -2.79725e-19 3.8162e-17 -1.625e-34
Plastic strain_mean 1.18487e-19 6.42266e-08 0 6.42266e-08 -1.18487e-19 0 0 0 0
Plastic strain_rate_mean 0 0 0 0 0 0 0 0 0
Dissipation 6.41784e-07
End step 3
Begin step 4
Stress -4.10262e-14 26.6453 -5.68481e-14 26.6453 7.44975e-14 7.64153e-12 -5.68481e-14 7.64153e-12 1.00503e-14
Strain 0 0.000133333 0 0.000133333 0 0 0 0 0
Strain mean 6.68534e-20 0.000133333 -2.8424e-19 0.000133333 -2.00778e-32 3.82077e-17 -2.8424e-19 3.82077e-17 -5.77779e-34
Plastic strain_mean 3.22236e-19 1.07033e-07 0 1.07033e-07 -3.22236e-19 0 0 0 0
Plastic strain_rate_mean 0 0 0 0 0 0 0 0 0
Dissipation 1.14058e-06
End step 4
Begin step 5
Stress -9.80673e-14 33.3012 -6.44911e-14 33.3012 1.08498e-13 7.67653e-12 -6.44911e-14 7.67653e-12 3.13212e-15
Strain 0 0.000166667 0 0.000166667 0 0 0 0 0
Strain mean 2.08345e-20 0.000166667 -3.22456e-19 0.000166667 -6.94298e-32 3.83827e-17 -3.22456e-19 3.83827e-17 -1.92593e-34
Plastic strain_mean 5.26832e-19 1.60532e-07 0 1.60532e-07 -5.26832e-19 0 0 0 0
Plastic strain_rate_mean 0 0 0 0 0 0 0 0 0
Dissipation 1.78158e-06
End step 5
Begin step 6
Stress -1.42951e-13 39.9551 -6.52471e-14 39.9551 1.47634e-13 7.67202e-12 -6.52471e-14 7.67202e-12 1.40612e-15
Strain 0 0.0002 0 0.0002 0 0 0 0 0
Strain mean 9.35338e-21 0.0002 -3.26236e-19 0.0002 1.44397e-31 3.83601e-17 -3.26236e-19 3.83601e-17 -5.77779e-34
Plastic strain_mean 7.31137e-19 2.24721e-07 0 2.24721e-07 -7.31137e-19 0 0 0 0
Plastic strain_rate_mean 0 0 0 0 0 0 0 0 0
Dissipation 2.56466e-06
End step 6
Begin step 7
Stress -1.31876e-13 46.6067 1.91322e-12 46.6067 1.56905e-13 1.5476e-12 1.91322e-12 1.5476e-12 7.51534e-15
Strain 0 0.000233333 0 0.000233333 0 0 0 0 0
Strain mean 4.99912e-20 0.000233333 9.56611e-18 0.000233333 2.0463e-34 7.73802e-18 9.56611e-18 7.73802e-18 -5.89816e-33
Plastic strain_mean 7.46948e-19 2.9968e-07 0 2.9968e-07 -7.46948e-19 0 0 0 0
Plastic strain_rate_mean 0 0 0 0 0 0 0 0 0
Dissipation 3.49361e-06
End step 7
Begin step 8
Stress -1.60545e-13 53.2561 -1.87664e-12 53.2561 1.61112e-13 1.54967e-12 -1.87664e-12 1.54967e-12 1.70307e-16
Strain 0 0.000266667 0 0.000266667 0 0 0 0 0
Strain mean 1.13286e-21 0.000266667 -9.3832e-18 0.000266667 1.83565e-33 7.74837e-18 -9.3832e-18 7.74837e-18 5.91321e-34
Plastic strain_mean 8.04709e-19 3.86187e-07 0 3.86187e-07 -8.04709e-19 0 0 0 0
Plastic strain_rate_mean 0 0 0 0 0 0 0 0 0
Dissipation 4.60699e-06
End step 8
Begin step 9
Stress -1.95323e-13 59.9025 -3.18278e-12 59.9025 2.06688e-13 3.27661e-12 -3.18278e-12 3.27661e-12 3.41269e-15
Strain 0 0.0003 0 0.0003 0 0 0 0 0
Strain mean 2.27008e-20 0.0003 -1.59139e-17 0.0003 3.61112e-35 1.6383e-17 -1.59139e-17 1.6383e-17 -3.44862e-33
Plastic strain_mean 1.01638e-18 4.87463e-07 0 4.87463e-07 -1.01638e-18 0 0 0 0
Plastic strain_rate_mean 0 0 0 0 0 0 0 0 0
Dissipation 6.0667e-06
End step 9
Begin step 10
Stress -2.96811e-13 66.5449 -3.84321e-12 66.5449 3.0497e-13 5.43416e-12 -3.84321e-12 5.43416e-12 2.4498e-15
Strain 0 0.000333333 0 0.000333333 0 0 0 0 0
Strain mean 1.62958e-20 0.000333333 -1.92161e-17 0.000333333 1.98612e-33 2.71708e-17 -1.92161e-17 2.71708e-17 -6.00649e-33
Plastic strain_mean 1.5126e-18 6.08867e-07 0 6.08867e-07 -1.5126e-18 0 0 0 0
Plastic strain_rate_mean 0 0 0 0 0 0 0 0 0
Dissipation 8.07877e-06
End step 10
Begin step 11
Stress -3.52525e-13 73.1814 -6.89134e-12 73.1814 3.313e-13 2.12101e-12 -6.89134e-12 2.12101e-12 -6.37341e-15
Strain 0 0.000366667 0 0.000366667 0 0 0 0 0
Strain mean -4.23952e-20 0.000366667 -3.44567e-17 0.000366667 -2.40741e-34 1.06051e-17 -3.44567e-17 1.06051e-17 2.58797e-34
Plastic strain_mean 1.68836e-18 7.59689e-07 0 7.59689e-07 -1.68836e-18 0 0 0 0
Plastic strain_rate_mean 0 0 0 0 0 0 0 0 0
Dissipation 1.10373e-05
End step 11
Begin step 12
Stress -3.43828e-13 79.8084 3.31304e-12 79.8084 3.8516e-13 -8.41487e-13 3.31304e-12 -8.41487e-13 1.24106e-14
Strain 0 0.0004 0 0.0004 0 0 0 0 0
Strain mean 8.25538e-20 0.0004 1.65652e-17 0.0004 1.92593e-33 -4.20744e-18 1.65652e-17 -4.20744e-18 -1.14653e-33
Plastic strain_mean 1.86375e-18 9.57806e-07 0 9.57806e-07 -1.86375e-18 0 0 0 0
Plastic strain_rate_mean 0 0 0 0 0 0 0 0 0
Dissipation 1.58113e-05
End step 12
Begin step 13
Stress -3.90704e-13 86.418 4.10643e-13 86.418 4.06091e-13 -5.27808e-14 4.10643e-13 -5.27808e-14 4.62012e-15
Strain 0 0.000433333 0 0.000433333 0 0 0 0 0
Strain mean 3.07325e-20 0.000433333 2.05322e-18 0.000433333 -2.63612e-33 -2.63904e-19 2.05322e-18 -2.63904e-19 5.8187e-35
Plastic strain_mean 2.00735e-18 1.24356e-06 0 1.24356e-06 -2.00735e-18 0 0 0 0
Plastic strain_rate_mean 0 0 0 0 0 0 0 0 0
Dissipation 2.4694e-05
End step 13
Begin step 14
Stress -3.43817e-13 92.9854 -5.90136e-13 92.9854 3.0775e-13 -1.55317e-12 -5.90136e-13 -1.55317e-12 -1.08298e-14
Strain 0 0.000466667 0 0.000466667 0 0 0 0 0
Strain mean -7.20385e-20 0.000466667 -2.95068e-18 0.000466667 7.36367e-32 -7.76586e-18 -2.95068e-18 -7.76586e-18 -3.29816e-33
Plastic strain_mean 1.5929e-18 1.73965e-06 0 1.73965e-06 -1.5929e-18 0 0 0 0
Plastic strain_rate_mean 0 0 0 0 0 0 0 0 0
Dissipation 4.61291e-05
End step 14
Begin step 15
Stress 1.38431e-14 99.3442 -4.51667e-13 99.3442 -8.18582e-15 -2.63154e-12 -4.51667e-13 -2.63154e-12 1.6987e-15
Strain 0 0.0005 0 0.0005 0 0 0 0 0
Strain mean 1.12996e-20 0.0005 -2.25833e-18 0.0005 -6.50001e-33 -1.31577e-17 -2.25833e-18 -1.31577e-17 -3.40348e-33
Plastic strain_mean -4.94226e-20 3.27881e-06 0 3.27881e-06 4.94226e-20 0 0 0 0
Plastic strain_rate_mean 0 0 0 0 0 0 0 0 0
Dissipation 0.000152904
End step 15
Begin step 16
Stress 1.48113e-12 102.338 2.35818e-12 102.338 -1.49475e-12 4.70832e-12 2.35818e-12 4.70832e-12 -4.08737e-15
Strain 0 0.000533333 0 0.000533333 0 0 0 0 0
Strain mean -2.71887e-20 0.000533333 1.17909e-17 0.000533333 1.4294e-34 2.35416e-17 1.17909e-17 2.35416e-17 2.06699e-33
Plastic strain_mean -7.45329e-18 2.16424e-05 0 2.16424e-05 7.45329e-18 0 0 0 0
Plastic strain_rate_mean 0 0 0 0 0 0 0 0 0
Dissipation 0.00187916
End step 16
Begin step 17
Stress 1.73272e-12 102.49 -1.21747e-12 102.49 -1.6839e-12 -6.70509e-13 -1.21747e-12 -6.70509e-13 1.46595e-14
Strain 0 0.000566667 0 0.000566667 0 0 0 0 0
Strain mean 9.75134e-20 0.000566667 -6.08735e-18 0.000566667 -2.67704e-32 -3.35255e-18 -6.08735e-18 -3.35255e-18 2.35475e-34
Plastic strain_mean -8.49281e-18 5.42173e-05 0 5.42173e-05 8.49281e-18 0 0 0 0
Plastic strain_rate_mean 0 0 0 0 0 0 0 0 0
Dissipation 0.00333822
End step 17
Begin step 18
Stress 7.03627e-13 102.514 -1.62409e-12 102.514 -6.73348e-13 -3.6068e-12 -1.62409e-12 -3.6068e-12 9.09178e-15
Strain 0 0.0006 0 0.0006 0 0 0 0 0
Strain mean 6.04775e-20 0.0006 -8.12046e-18 0.0006 2.33519e-32 -1.8034e-17 -8.12046e-18 -1.8034e-17 3.78415e-34
Plastic strain_mean -3.4122e-18 8.74279e-05 0 8.74279e-05 3.4122e-18 0 0 0 0
Plastic strain_rate_mean 0 0 0 0 0 0 0 0 0
Dissipation 0.00340406
End step 18
Begin step 19
Stress -1.03619e-12 102.535 2.37199e-12 102.535 1.01016e-12 -1.01532e-12 2.37199e-12 -1.01532e-12 -7.81666e-15
Strain 0 0.000633333 0 0.000633333 0 0 0 0 0
Strain mean -5.19955e-20 0.000633333 1.18599e-17 0.000633333 -1.92593e-34 -5.07662e-18 1.18599e-17 -5.07662e-18 5.29631e-34
Plastic strain_mean 5.08989e-18 0.000120656 0 0.000120656 -5.08989e-18 0 0 0 0
Plastic strain_rate_mean 0 0 0 0 0 0 0 0 0
Dissipation 0.00340642
End step 19
Begin step 20
Stress -5.83617e-13 102.556 1.1189e-12 102.556 5.79574e-13 -7.23813e-13 1.1189e-12 -7.23813e-13 -1.21398e-15
Strain 0 0.000666667 0 0.000666667 0 0 0 0 0
Strain mean -8.07528e-21 0.000666667 5.59451e-18 0.000666667 -1.8176e-33 -3.61907e-18 5.59451e-18 -3.61907e-18 2.63311e-34
Plastic strain_mean 2.90394e-18 0.000153885 0 0.000153885 -2.90394e-18 0 0 0 0
Plastic strain_rate_mean 0 0 0 0 0 0 0 0 0
Dissipation 0.00340713
End step 20
Begin step 21
Stress -2.79193e-12 102.577 -6.0861e-12 102.577 2.72591e-12 -1.46482e-12 -6.0861e-12 -1.46482e-12 -1.98211e-14
Strain 0 0.0007 0 0.0007 0 0 0 0 0
Strain mean -1.31848e-19 0.0007 -3.04305e-17 0.0007 6.84157e-33 -7.32412e-18 -3.04305e-17 -7.32412e-18 -2.05232e-33
Plastic strain_mean 1.37287e-17 0.000187115 0 0.000187115 -1.37287e-17 0 0 0 0
Plastic strain_rate_mean 0 0 0 0 0 0 0 0 0
Dissipation 0.00340775
End step 21
Begin step 22
Stress -1.76267e-12 102.598 -3.58766e-12 102.598 1.74637e-12 -1.08313e-12 -3.58766e-12 -1.08313e-12 -4.89524e-15
Strain 0 0.000733333 0 0.000733333 0 0 0 0 0
Strain mean -3.25625e-20 0.000733333 -1.79383e-17 0.000733333 -3.20186e-33 -5.41566e-18 -1.79383e-17 -5.41566e-18 -1.41435e-33
Plastic strain_mean 8.75633e-18 0.000220344 0 0.000220344 -8.75633e-18 0 0 0 0
Plastic strain_rate_mean 0 0 0 0 0 0 0 0 0
Dissipation 0.00340835
End step 22
Begin step 23
Stress 3.63394e-12 102.619 -8.92995e-12 102.619 -3.59707e-12 2.99323e-12 -8.92995e-12 2.99323e-12 1.107e-14
Strain 0 0.000766667 0 0.000766667 0 0 0 0 0
Strain mean 7.36361e-20 0.000766667 -4.46497e-17 0.000766667 -1.43602e-32 1.49662e-17 -4.46497e-17 1.49662e-17 1.17331e-32
Plastic strain_mean -1.80407e-17 0.000253574 0 0.000253574 1.80407e-17 0 0 0 0
Plastic strain_rate_mean 0 0 0 0 0 0 0 0 0
Dissipation 0.00340895
End step 23
Begin step 24
Stress 2.68206e-12 102.639 -5.39121e-12 102.639 -2.77345e-12 2.12016e-12 -5.39121e-12 2.12016e-12 -2.74413e-14
Strain 0 0.0008 0 0.0008 0 0 0 0 0
Strain mean -1.82536e-19 0.0008 -2.6956e-17 0.0008 2.71556e-32 1.06008e-17 -2.6956e-17 1.06008e-17 6.28936e-33
Plastic strain_mean -1.373e-17 0.000286804 0 0.000286804 1.373e-17 0 0 0 0
Plastic strain_rate_mean 0 0 0 0 0 0 0 0 0
Dissipation 0.00340953
End step 24
Begin step 25
Stress -1.75487e-12 102.66 -8.92337e-12 102.66 1.72508e-12 -2.72689e-12 -8.92337e-12 -2.72689e-12 -8.9433e-15
Strain 0 0.000833333 0 0.000833333 0 0 0 0 0
Strain mean -5.94898e-20 0.000833333 -4.46169e-17 0.000833333 -1.10741e-33 -1.36345e-17 -4.46169e-17 -1.36345e-17 1.28195e-33
Plastic strain_mean 8.67012e-18 0.000320033 0 0.000320033 -8.67012e-18 0 0 0 0
Plastic strain_rate_mean 0 0 0 0 0 0 0 0 0
Dissipation 0.00341012
End step 25
Begin step 26
Stress -1.21156e-12 102.681 -6.23382e-12 102.681 1.32767e-12 -1.94172e-12 -6.23382e-12 -1.94172e-12 3.48649e-14
Strain 0 0.000866667 0 0.000866667 0 0 0 0 0
Strain mean 2.31917e-19 0.000866667 -3.11691e-17 0.000866667 -1.57084e-33 -9.70859e-18 -3.11691e-17 -9.70859e-18 2.70834e-34
Plastic strain_mean 6.46402e-18 0.000353263 0 0.000353263 -6.46402e-18 0 0 0 0
Plastic strain_rate_mean 0 0 0 0 0 0 0 0 0
Dissipation 0.00341071
End step 26
Begin step 27
Stress 2.25266e-12 102.702 -1.21035e-12 102.702 -2.23166e-12 9.13602e-13 -1.21035e-12 9.13602e-13 6.30573e-15
Strain 0 0.0009 0 0.0009 0 0 0 0 0
Strain mean 4.1945e-20 0.0009 -6.05175e-18 0.0009 -1.08334e-31 4.56801e-18 -6.05175e-18 4.56801e-18 5.33091e-33
Plastic strain_mean -1.11898e-17 0.000386492 0 0.000386492 1.11898e-17 0 0 0 0
Plastic strain_rate_mean 0 0 0 0 0 0 0 0 0
Dissipation 0.00341129
End step 27
Begin step 28
Stress 2.01686e-12 102.722 -7.88395e-13 102.722 -1.90694e-12 7.26925e-13 -7.88395e-13 7.26925e-13 3.30046e-14
Strain 0 0.000933333 0 0.000933333 0 0 0 0 0
Strain mean 2.19543e-19 0.000933333 -3.94198e-18 0.000933333 -6.07631e-32 3.63463e-18 -3.94198e-18 3.63463e-18 4.05837e-33
Plastic strain_mean -9.69974e-18 0.000419721 0 0.000419721 9.69974e-18 0 0 0 0
Plastic strain_rate_mean 0 0 0 0 0 0 0 0 0
Dissipation 0.00341188
End step 28
Begin step 29
Stress -2.14576e-12 102.743 -2.98714e-13 102.743 2.23688e-12 6.58545e-13 -2.98714e-13 6.58545e-13 2.73583e-14
Strain 0 0.000966667 0 0.000966667 0 0 0 0 0
Strain mean 1.81984e-19 0.000966667 -1.49357e-18 0.000966667 1.60093e-33 3.29273e-18 -1.49357e-18 3.29273e-18 5.7176e-35
Plastic strain_mean 1.10476e-17 0.00045295 0 0.00045295 -1.10476e-17 0 0 0 0
Plastic strain_rate_mean 0 0 0 0 0 0 0 0 0
Dissipation 0.00341247
End step 29
Begin step 30
Stress -1.72944e-12 102.764 -2.17107e-13 102.764 1.69939e-12 4.99218e-13 -2.17107e-13 4.99218e-13 -9.02191e-15
Strain 0 0.001 0 0.001 0 0 0 0 0
Strain mean -6.00127e-20 0.001 -1.08554e-18 0.001 -5.17594e-34 2.49609e-18 -1.08554e-18 2.49609e-18 -2.70834e-34
Plastic strain_mean 8.54207e-18 0.000486179 0 0.000486179 -8.54207e-18 0 0 0 0
Plastic strain_rate_mean 0 0 0 0 0 0 0 0 0
Dissipation 0.00341306
End step 30
Begin step 0
Stress 0 0 0 0 0 0 0 0 0
Strain 0 0 0 0 0 0 0 0 0
Strain mean 0 0 0 0 0 0 0 0 0
Plastic strain_mean 0 0 0 0 0 0 0 0 0
Plastic strain_rate_mean 0 0 0 0 0 0 0 0 0
Dissipation 0
End step 0
Begin step 1
Stress -1.24354e-16 6.66453 -6.69622e-14 6.66453 4.91571e-16 1.72495e-12 -6.69622e-14 1.72495e-12 1.10263e-16
Strain 0 3.33333e-05 0 3.33333e-05 0 0 0 0 0
Strain mean 7.33456e-22 3.33333e-05 -3.34811e-19 3.33333e-05 6.01853e-34 8.62473e-18 -3.34811e-19 8.62473e-18 1.6393e-33
Plastic strain_mean 1.90654e-21 1.07067e-08 0 1.07067e-08 -1.90654e-21 0 0 0 0
Plastic strain_rate_mean 0 0 0 0 0 0 0 0 0
Dissipation 7.13552e-08
End step 1
Begin step 2
Stress 2.00825e-14 13.3269 2.55e-12 13.3269 -1.58068e-14 1.77899e-12 2.55e-12 1.77899e-12 1.28385e-15
Strain 0 6.66667e-05 0 6.66667e-05 0 0 0 0 0
Strain mean 8.54004e-21 6.66667e-05 1.275e-17 6.66667e-05 -1.28484e-31 8.89494e-18 1.275e-17 8.89494e-18 4.46575e-33
Plastic strain_mean -8.54531e-20 3.21167e-08 0 3.21167e-08 8.54531e-20 0 0 0 0
Plastic strain_rate_mean 0 0 0 0 0 0 0 0 0
Dissipation 2.85329e-07
End step 2
Begin step 3
Stress -2.09192e-14 19.9872 -5.5945e-14 19.9872 2.48895e-14 7.63239e-12 -5.5945e-14 7.63239e-12 1.19215e-15
Strain 0 0.0001 0 0.0001 0 0 0 0 0
Strain mean 7.93004e-21 0.0001 -2.79725e-19 0.0001 4.19853e-32 3.8162e-17 -2.79725e-19 3.8162e-17 -1.625e-34
Plastic strain_mean 1.18487e-19 6.42266e-08 0 6.42266e-08 -1.18487e-19 0 0 0 0
Plastic strain_rate_mean 0 0 0 0 0 0 0 0 0
Dissipation 6.41784e-07
End step 3
Begin step 4
Stress -4.10262e-14 26.6453 -5.68481e-14 26.6453 7.44975e-14 7.64153e-12 -5.68481e-14 7.64153e-12 1.00503e-14
Strain 0 0.000133333 0 0.000133333 0 0 0 0 0
Strain mean 6.68534e-20 0.000133333 -2.8424e-19 0.000133333 -2.00778e-32 3.82077e-17 -2.8424e-19 3.82077e-17 -5.77779e-34
Plastic strain_mean 3.22236e-19 1.07033e-07 0 1.07033e-07 -3.22236e-19 0 0 0 0
Plastic strain_rate_mean 0 0 0 0 0 0 0 0 0
Dissipation 1.14058e-06
End step 4
Begin step 5
Stress -9.80673e-14 33.3012 -6.44911e-14 33.3012 1.08498e-13 7.67653e-12 -6.44911e-14 7.67653e-12 3.13212e-15
Strain 0 0.000166667 0 0.000166667 0 0 0 0 0
Strain mean 2.08345e-20 0.000166667 -3.22456e-19 0.000166667 -6.94298e-32 3.83827e-17 -3.22456e-19 3.83827e-17 -1.92593e-34
Plastic strain_mean 5.26832e-19 1.60532e-07 0 1.60532e-07 -5.26832e-19 0 0 0 0
Plastic strain_rate_mean 0 0 0 0 0 0 0 0 0
Dissipation 1.78158e-06
End step 5
Begin step 6
Stress -1.42951e-13 39.9551 -6.52471e-14 39.9551 1.47634e-13 7.67202e-12 -6.52471e-14 7.67202e-12 1.40612e-15
Strain 0 0.0002 0 0.0002 0 0 0 0 0
Strain mean 9.35338e-21 0.0002 -3.26236e-19 0.0002 1.44397e-31 3.83601e-17 -3.26236e-19 3.83601e-17 -5.77779e-34
Plastic strain_mean 7.31137e-19 2.24721e-07 0 2.24721e-07 -7.31137e-19 0 0 0 0
Plastic strain_rate_mean 0 0 0 0 0 0 0 0 0
Dissipation 2.56466e-06
End step 6
Begin step 7
Stress -1.31876e-13 46.6067 1.91322e-12 46.6067 1.56905e-13 1.5476e-12 1.91322e-12 1.5476e-12 7.51534e-15
Strain 0 0.000233333 0 0.000233333 0 0 0 0 0
Strain mean 4.99912e-20 0.000233333 9.56611e-18 0.000233333 2.0463e-34 7.73802e-18 9.56611e-18 7.73802e-18 -5.89816e-33
Plastic strain_mean 7.46948e-19 2.9968e-07 0 2.9968e-07 -7.46948e-19 0 0 0 0
Plastic strain_rate_mean 0 0 0 0 0 0 0 0 0
Dissipation 3.49361e-06
End step 7
Begin step 8
Stress -1.60545e-13 53.2561 -1.87664e-12 53.2561 1.61112e-13 1.54967e-12 -1.87664e-12 1.54967e-12 1.70307e-16
Strain 0 0.000266667 0 0.000266667 0 0 0 0 0
Strain mean 1.13286e-21 0.000266667 -9.3832e-18 0.000266667 1.83565e-33 7.74837e-18 -9.3832e-18 7.74837e-18 5.91321e-34
Plastic strain_mean 8.04709e-19 3.86187e-07 0 3.86187e-07 -8.04709e-19 0 0 0 0
Plastic strain_rate_mean 0 0 0 0 0 0 0 0 0
Dissipation 4.60699e-06
End step 8
Begin step 9
Stress -1.95323e-13 59.9025 -3.18278e-12 59.9025 2.06688e-13 3.27661e-12 -3.18278e-12 3.27661e-12 3.41269e-15
Strain 0 0.0003 0 0.0003 0 0 0 0 0
Strain mean 2.27008e-20 0.0003 -1.59139e-17 0.0003 3.61112e-35 1.6383e-17 -1.59139e-17 1.6383e-17 -3.44862e-33
Plastic strain_mean 1.01638e-18 4.87463e-07 0 4.87463e-07 -1.01638e-18 0 0 0 0
Plastic strain_rate_mean 0 0 0 0 0 0 0 0 0
Dissipation 6.0667e-06
End step 9
Begin step 10
Stress -2.96811e-13 66.5449 -3.84321e-12 66.5449 3.0497e-13 5.43416e-12 -3.84321e-12 5.43416e-12 2.4498e-15
Strain 0 0.000333333 0 0.000333333 0 0 0 0 0
Strain mean 1.62958e-20 0.000333333 -1.92161e-17 0.000333333 1.98612e-33 2.71708e-17 -1.92161e-17 2.71708e-17 -6.00649e-33
Plastic strain_mean 1.5126e-18 6.08867e-07 0 6.08867e-07 -1.5126e-18 0 0 0 0
Plastic strain_rate_mean 0 0 0 0 0 0 0 0 0
Dissipation 8.07877e-06
End step 10
Begin step 11
Stress -3.52525e-13 73.1814 -6.89134e-12 73.1814 3.313e-13 2.12101e-12 -6.89134e-12 2.12101e-12 -6.37341e-15
Strain 0 0.000366667 0 0.000366667 0 0 0 0 0
Strain mean -4.23952e-20 0.000366667 -3.44567e-17 0.000366667 -2.40741e-34 1.06051e-17 -3.44567e-17 1.06051e-17 2.58797e-34
Plastic strain_mean 1.68836e-18 7.59689e-07 0 7.59689e-07 -1.68836e-18 0 0 0 0
Plastic strain_rate_mean 0 0 0 0 0 0 0 0 0
Dissipation 1.10373e-05
End step 11
Begin step 12
Stress -3.43828e-13 79.8084 3.31304e-12 79.8084 3.8516e-13 -8.41487e-13 3.31304e-12 -8.41487e-13 1.24106e-14
Strain 0 0.0004 0 0.0004 0 0 0 0 0
Strain mean 8.25538e-20 0.0004 1.65652e-17 0.0004 1.92593e-33 -4.20744e-18 1.65652e-17 -4.20744e-18 -1.14653e-33
Plastic strain_mean 1.86375e-18 9.57806e-07 0 9.57806e-07 -1.86375e-18 0 0 0 0
Plastic strain_rate_mean 0 0 0 0 0 0 0 0 0
Dissipation 1.58113e-05
End step 12
Begin step 13
Stress -3.90704e-13 86.418 4.10643e-13 86.418 4.06091e-13 -5.27808e-14 4.10643e-13 -5.27808e-14 4.62012e-15
Strain 0 0.000433333 0 0.000433333 0 0 0 0 0
Strain mean 3.07325e-20 0.000433333 2.05322e-18 0.000433333 -2.63612e-33 -2.63904e-19 2.05322e-18 -2.63904e-19 5.8187e-35
Plastic strain_mean 2.00735e-18 1.24356e-06 0 1.24356e-06 -2.00735e-18 0 0 0 0
Plastic strain_rate_mean 0 0 0 0 0 0 0 0 0
Dissipation 2.4694e-05
End step 13
Begin step 14
Stress -3.43817e-13 92.9854 -5.90136e-13 92.9854 3.0775e-13 -1.55317e-12 -5.90136e-13 -1.55317e-12 -1.08298e-14
Strain 0 0.000466667 0 0.000466667 0 0 0 0 0
Strain mean -7.20385e-20 0.000466667 -2.95068e-18 0.000466667 7.36367e-32 -7.76586e-18 -2.95068e-18 -7.76586e-18 -3.29816e-33
Plastic strain_mean 1.5929e-18 1.73965e-06 0 1.73965e-06 -1.5929e-18 0 0 0 0
Plastic strain_rate_mean 0 0 0 0 0 0 0 0 0
Dissipation 4.61291e-05
End step 14
Begin step 15
Stress 1.38431e-14 99.3442 -4.51667e-13 99.3442 -8.18582e-15 -2.63154e-12 -4.51667e-13 -2.63154e-12 1.6987e-15
Strain 0 0.0005 0 0.0005 0 0 0 0 0
Strain mean 1.12996e-20 0.0005 -2.25833e-18 0.0005 -6.50001e-33 -1.31577e-17 -2.25833e-18 -1.31577e-17 -3.40348e-33
Plastic strain_mean -4.94226e-20 3.27881e-06 0 3.27881e-06 4.94226e-20 0 0 0 0
Plastic strain_rate_mean 0 0 0 0 0 0 0 0 0
Dissipation 0.000152904
End step 15
Begin step 16
Stress 1.48113e-12 102.338 2.35818e-12 102.338 -1.49475e-12 4.70832e-12 2.35818e-12 4.70832e-12 -4.08737e-15
Strain 0 0.000533333 0 0.000533333 0 0 0 0 0
Strain mean -2.71887e-20 0.000533333 1.17909e-17 0.000533333 1.4294e-34 2.35416e-17 1.17909e-17 2.35416e-17 2.06699e-33
Plastic strain_mean -7.45329e-18 2.16424e-05 0 2.16424e-05 7.45329e-18 0 0 0 0
Plastic strain_rate_mean 0 0 0 0 0 0 0 0 0
Dissipation 0.00187916
End step 16
Begin step 17
Stress 1.73272e-12 102.49 -1.21747e-12 102.49 -1.6839e-12 -6.70509e-13 -1.21747e-12 -6.70509e-13 1.46595e-14
Strain 0 0.000566667 0 0.000566667 0 0 0 0 0
Strain mean 9.75134e-20 0.000566667 -6.08735e-18 0.000566667 -2.67704e-32 -3.35255e-18 -6.08735e-18 -3.35255e-18 2.35475e-34
Plastic strain_mean -8.49281e-18 5.42173e-05 0 5.42173e-05 8.49281e-18 0 0 0 0
Plastic strain_rate_mean 0 0 0 0 0 0 0 0 0
Dissipation 0.00333822
End step 17
Begin step 18
Stress 7.03627e-13 102.514 -1.62409e-12 102.514 -6.73348e-13 -3.6068e-12 -1.62409e-12 -3.6068e-12 9.09178e-15
Strain 0 0.0006 0 0.0006 0 0 0 0 0
Strain mean 6.04775e-20 0.0006 -8.12046e-18 0.0006 2.33519e-32 -1.8034e-17 -8.12046e-18 -1.8034e-17 3.78415e-34
Plastic strain_mean -3.4122e-18 8.74279e-05 0 8.74279e-05 3.4122e-18 0 0 0 0
Plastic strain_rate_mean 0 0 0 0 0 0 0 0 0
Dissipation 0.00340406
End step 18
Begin step 19
Stress -1.03619e-12 102.535 2.37199e-12 102.535 1.01016e-12 -1.01532e-12 2.37199e-12 -1.01532e-12 -7.81666e-15
Strain 0 0.000633333 0 0.000633333 0 0 0 0 0
Strain mean -5.19955e-20 0.000633333 1.18599e-17 0.000633333 -1.92593e-34 -5.07662e-18 1.18599e-17 -5.07662e-18 5.29631e-34
Plastic strain_mean 5.08989e-18 0.000120656 0 0.000120656 -5.08989e-18 0 0 0 0
Plastic strain_rate_mean 0 0 0 0 0 0 0 0 0
Dissipation 0.00340642
End step 19
Begin step 20
Stress -5.83617e-13 102.556 1.1189e-12 102.556 5.79574e-13 -7.23813e-13 1.1189e-12 -7.23813e-13 -1.21398e-15
Strain 0 0.000666667 0 0.000666667 0 0 0 0 0
Strain mean -8.07528e-21 0.000666667 5.59451e-18 0.000666667 -1.8176e-33 -3.61907e-18 5.59451e-18 -3.61907e-18 2.63311e-34
Plastic strain_mean 2.90394e-18 0.000153885 0 0.000153885 -2.90394e-18 0 0 0 0
Plastic strain_rate_mean 0 0 0 0 0 0 0 0 0
Dissipation 0.00340713
End step 20
Begin step 21
Stress -2.79193e-12 102.577 -6.0861e-12 102.577 2.72591e-12 -1.46482e-12 -6.0861e-12 -1.46482e-12 -1.98211e-14
Strain 0 0.0007 0 0.0007 0 0 0 0 0
Strain mean -1.31848e-19 0.0007 -3.04305e-17 0.0007 6.84157e-33 -7.32412e-18 -3.04305e-17 -7.32412e-18 -2.05232e-33
Plastic strain_mean 1.37287e-17 0.000187115 0 0.000187115 -1.37287e-17 0 0 0 0
Plastic strain_rate_mean 0 0 0 0 0 0 0 0 0
Dissipation 0.00340775
End step 21
Begin step 22
Stress -1.76267e-12 102.598 -3.58766e-12 102.598 1.74637e-12 -1.08313e-12 -3.58766e-12 -1.08313e-12 -4.89524e-15
Strain 0 0.000733333 0 0.000733333 0 0 0 0 0
Strain mean -3.25625e-20 0.000733333 -1.79383e-17 0.000733333 -3.20186e-33 -5.41566e-18 -1.79383e-17 -5.41566e-18 -1.41435e-33
Plastic strain_mean 8.75633e-18 0.000220344 0 0.000220344 -8.75633e-18 0 0 0 0
Plastic strain_rate_mean 0 0 0 0 0 0 0 0 0
Dissipation 0.00340835
End step 22
Begin step 23
Stress 3.63394e-12 102.619 -8.92995e-12 102.619 -3.59707e-12 2.99323e-12 -8.92995e-12 2.99323e-12 1.107e-14
Strain 0 0.000766667 0 0.000766667 0 0 0 0 0
Strain mean 7.36361e-20 0.000766667 -4.46497e-17 0.000766667 -1.43602e-32 1.49662e-17 -4.46497e-17 1.49662e-17 1.17331e-32
Plastic strain_mean -1.80407e-17 0.000253574 0 0.000253574 1.80407e-17 0 0 0 0
Plastic strain_rate_mean 0 0 0 0 0 0 0 0 0
Dissipation 0.00340895
End step 23
Begin step 24
Stress 2.68206e-12 102.639 -5.39121e-12 102.639 -2.77345e-12 2.12016e-12 -5.39121e-12 2.12016e-12 -2.74413e-14
Strain 0 0.0008 0 0.0008 0 0 0 0 0
Strain mean -1.82536e-19 0.0008 -2.6956e-17 0.0008 2.71556e-32 1.06008e-17 -2.6956e-17 1.06008e-17 6.28936e-33
Plastic strain_mean -1.373e-17 0.000286804 0 0.000286804 1.373e-17 0 0 0 0
Plastic strain_rate_mean 0 0 0 0 0 0 0 0 0
Dissipation 0.00340953
End step 24
Begin step 25
Stress -1.75487e-12 102.66 -8.92337e-12 102.66 1.72508e-12 -2.72689e-12 -8.92337e-12 -2.72689e-12 -8.9433e-15
Strain 0 0.000833333 0 0.000833333 0 0 0 0 0
Strain mean -5.94898e-20 0.000833333 -4.46169e-17 0.000833333 -1.10741e-33 -1.36345e-17 -4.46169e-17 -1.36345e-17 1.28195e-33
Plastic strain_mean 8.67012e-18 0.000320033 0 0.000320033 -8.67012e-18 0 0 0 0
Plastic strain_rate_mean 0 0 0 0 0 0 0 0 0
Dissipation 0.00341012
End step 25
Begin step 26
Stress -1.21156e-12 102.681 -6.23382e-12 102.681 1.32767e-12 -1.94172e-12 -6.23382e-12 -1.94172e-12 3.48649e-14
Strain 0 0.000866667 0 0.000866667 0 0 0 0 0
Strain mean 2.31917e-19 0.000866667 -3.11691e-17 0.000866667 -1.57084e-33 -9.70859e-18 -3.11691e-17 -9.70859e-18 2.70834e-34
Plastic strain_mean 6.46402e-18 0.000353263 0 0.000353263 -6.46402e-18 0 0 0 0
Plastic strain_rate_mean 0 0 0 0 0 0 0 0 0
Dissipation 0.00341071
End step 26
Begin step 27
Stress 2.25266e-12 102.702 -1.21035e-12 102.702 -2.23166e-12 9.13602e-13 -1.21035e-12 9.13602e-13 6.30573e-15
Strain 0 0.0009 0 0.0009 0 0 0 0 0
Strain mean 4.1945e-20 0.0009 -6.05175e-18 0.0009 -1.08334e-31 4.56801e-18 -6.05175e-18 4.56801e-18 5.33091e-33
Plastic strain_mean -1.11898e-17 0.000386492 0 0.000386492 1.11898e-17 0 0 0 0
Plastic strain_rate_mean 0 0 0 0 0 0 0 0 0
Dissipation 0.00341129
End step 27
Begin step 28
Stress 2.01686e-12 102.722 -7.88395e-13 102.722 -1.90694e-12 7.26925e-13 -7.88395e-13 7.26925e-13 3.30046e-14
Strain 0 0.000933333 0 0.000933333 0 0 0 0 0
Strain mean 2.19543e-19 0.000933333 -3.94198e-18 0.000933333 -6.07631e-32 3.63463e-18 -3.94198e-18 3.63463e-18 4.05837e-33
Plastic strain_mean -9.69974e-18 0.000419721 0 0.000419721 9.69974e-18 0 0 0 0
Plastic strain_rate_mean 0 0 0 0 0 0 0 0 0
Dissipation 0.00341188
End step 28
Begin step 29
Stress -2.14576e-12 102.743 -2.98714e-13 102.743 2.23688e-12 6.58545e-13 -2.98714e-13 6.58545e-13 2.73583e-14
Strain 0 0.000966667 0 0.000966667 0 0 0 0 0
Strain mean 1.81984e-19 0.000966667 -1.49357e-18 0.000966667 1.60093e-33 3.29273e-18 -1.49357e-18 3.29273e-18 5.7176e-35
Plastic strain_mean 1.10476e-17 0.00045295 0 0.00045295 -1.10476e-17 0 0 0 0
Plastic strain_rate_mean 0 0 0 0 0 0 0 0 0
Dissipation 0.00341247
End step 29
Begin step 30
Stress -1.72944e-12 102.764 -2.17107e-13 102.764 1.69939e-12 4.99218e-13 -2.17107e-13 4.99218e-13 -9.02191e-15
Strain 0 0.001 0 0.001 0 0 0 0 0
Strain mean -6.00127e-20 0.001 -1.08554e-18 0.001 -5.17594e-34 2.49609e-18 -1.08554e-18 2.49609e-18 -2.70834e-34
Plastic strain_mean 8.54207e-18 0.000486179 0 0.000486179 -8.54207e-18 0 0 0 0
Plastic strain_rate_mean 0 0 0 0 0 0 0 0 0
Dissipation 0.00341306
End step 30
